0.01 -0.01 0.00
0.01 0.00 0.00
0.00 0.01 -0.01
0.00 0.00 -0.01
0.01 0.01 0.01
0.00 0.00 -0.00
-0.00 0.00 -0.01
-0.01 -0.00 0.01
-0.00 -0.00 -0.00
0.00 -0.01 0.01
0.01 -0.01 0.02
0.01 -0.01 -0.01
0.01 -0.01 -0.01
0.01 -0.01 -0.01
0.00 -0.02 -0.00
0.04 -0.01 -0.01
0.04 -0.05 -0.02
0.04 -0.05 -0.03
0.05 -0.07 -0.01
0.04 -0.05 -0.00
0.07 -0.04 -0.01
0.14 -0.03 -0.01
0.16 -0.11 -0.08
0.05 -0.07 -0.02
-0.04 0.02 -0.01
-0.11 0.14 0.03
-0.18 0.23 -0.03
-0.23 0.24 -0.14
-0.20 0.25 -0.14
-0.13 0.29 -0.02
-0.19 0.30 0.02
-0.15 0.24 0.13
0.03 0.15 0.31
0.08 0.13 0.44
0.33 0.03 0.44
0.30 -0.02 0.38
0.41 -0.24 0.42
0.09 -0.49 0.74
0.04 -0.88 0.55
0.14 -0.92 0.21
0.00 -0.60 -0.07
0.11 0.13 -0.10
0.00 0.53 0.08
0.09 0.79 0.07
0.31 0.70 -0.12
0.27 0.35 -0.15
0.22 0.07 -0.04
0.27 0.01 -0.07
0.28 -0.25 -0.14
0.31 -0.58 -0.24
0.39 -0.50 -0.36
0.28 -0.31 -0.51
0.11 0.02 -0.25
-0.03 -0.02 -0.61
-0.15 0.20 -0.36
-0.40 0.36 -0.09
-0.59 0.50 0.18
-0.48 0.43 0.12
-0.24 0.29 -0.11
-0.10 0.16 -0.25
-0.07 0.12 -0.45
-0.17 0.11 -0.46
-0.28 0.21 -0.33
-0.15 0.18 -0.20
-0.03 0.02 -0.05
0.09 -0.07 0.10
0.20 -0.13 0.19
0.08 0.04 0.33
0.03 0.11 0.47
0.07 0.01 0.59
0.25 0.00 0.65
0.10 0.19 0.73
0.15 0.09 0.70
0.18 -0.07 0.76
-0.07 -0.40 0.71
-0.27 -0.73 0.25
-0.23 -0.66 -0.09
-0.16 0.06 0.31
-0.29 -0.28 -0.02
0.32 -0.90 -0.39
0.03 -0.28 -0.57
0.65 0.24 -0.36
0.42 0.43 -0.35
0.25 0.43 -0.31
0.01 0.34 -0.21
-0.14 0.28 -0.18
-0.25 0.11 -0.21
-0.21 0.17 -0.36
-0.37 0.34 -0.08
-0.07 0.16 -0.14
0.12 0.38 -0.04
-0.20 0.00 0.01
0.09 0.01 0.05
0.14 0.04 -0.23
-0.01 -0.04 -0.31
-0.16 -0.07 -0.20
-0.19 -0.07 -0.03
-0.20 -0.13 0.05
-0.15 -0.19 0.04
-0.14 -0.16 -0.02
-0.06 -0.08 -0.05
-0.09 -0.02 -0.03
-0.07 -0.02 0.03
-0.07 0.13 0.12
-0.10 0.06 0.10
-0.12 -0.01 0.12
-0.11 -0.04 0.08
-0.06 -0.04 0.05
-0.00 -0.04 -0.00
0.00 -0.01 -0.00
-0.00 0.01 0.01
-0.02 0.04 0.02
-0.00 0.02 0.01
-0.01 0.00 0.02
-0.01 -0.04 0.01
0.00 -0.03 -0.01
0.01 -0.01 -0.02
0.01 0.02 -0.01
0.02 0.03 -0.01
0.03 0.04 -0.03
0.02 0.04 -0.04
0.01 0.02 -0.01
0.00 0.00 -0.01
-0.00 -0.01 -0.00
-0.01 -0.01 0.00
-0.01 0.00 0.00
-0.01 0.02 -0.01
-0.00 0.00 -0.03
-0.00 0.00 0.00
0.00 -0.01 0.00
-0.00 0.01 0.02
-0.01 -0.01 0.02
-0.01 -0.00 -0.00
-0.02 -0.02 0.00
-0.01 -0.03 -0.00
-0.00 -0.00 -0.00
-0.00 0.00 -0.01
0.00 0.01 -0.00
0.01 0.02 0.01
0.01 0.02 0.00
0.02 0.02 -0.00
0.01 -0.02 -0.02
0.00 -0.01 -0.03
0.00 0.00 -0.01
-0.00 0.00 0.00
0.00 0.01 0.02
-0.00 -0.00 0.03
-0.00 0.00 0.01
-0.00 0.00 -0.00
0.00 0.00 -0.01
