-0.00 0.03 -0.03
-0.01 0.00 -0.03
0.03 0.01 -0.02
0.00 0.03 -0.00
-0.04 0.01 0.03
-0.03 -0.02 0.04
0.03 -0.05 0.00
0.05 -0.03 -0.01
0.03 -0.01 -0.04
0.03 0.01 -0.05
0.02 0.01 -0.05
0.04 0.02 -0.05
0.04 0.01 -0.06
0.03 0.02 -0.04
-0.01 0.01 -0.05
-0.02 0.02 -0.03
-0.01 -0.00 -0.02
-0.02 -0.01 -0.03
-0.05 0.03 -0.01
-0.06 0.03 0.02
-0.07 0.05 0.04
-0.08 0.03 0.02
-0.08 0.04 -0.01
-0.08 0.06 -0.04
-0.05 0.10 -0.05
-0.05 0.14 -0.01
-0.09 0.15 0.05
-0.11 0.17 0.09
-0.17 0.15 0.13
-0.22 0.14 0.15
-0.23 0.13 0.20
-0.24 0.15 0.25
-0.22 0.19 0.20
-0.16 0.22 0.20
-0.07 0.19 0.18
0.11 0.06 0.12
0.20 -0.05 0.04
0.24 -0.10 0.00
0.28 -0.12 -0.03
0.30 -0.08 -0.05
0.33 -0.11 -0.02
0.32 -0.14 -0.00
0.30 -0.25 0.10
0.29 -0.26 0.08
0.28 -0.21 0.00
0.25 -0.15 -0.07
0.22 -0.11 -0.08
0.21 -0.13 -0.15
0.34 -0.24 -0.33
0.44 -0.38 -0.47
0.42 -0.34 -0.54
0.17 -0.24 -0.45
-0.02 -0.18 -0.39
-0.04 -0.12 -0.23
-0.06 -0.04 -0.20
-0.06 0.02 -0.18
-0.11 0.07 -0.10
-0.12 0.10 -0.01
-0.10 0.12 0.01
-0.07 0.12 0.04
-0.03 0.10 0.05
-0.06 0.05 0.08
-0.08 0.02 0.10
-0.09 0.02 0.11
-0.08 0.01 0.12
-0.06 0.02 0.12
-0.04 0.01 0.13
-0.04 -0.03 0.15
-0.03 -0.02 0.12
-0.06 0.04 0.09
-0.19 0.13 0.09
0.01 0.19 0.11
-0.20 0.18 0.21
-0.14 0.09 0.20
0.13 -0.01 0.31
-0.19 0.08 0.28
-0.29 0.09 0.27
-0.51 0.13 0.33
-0.45 0.08 0.27
-0.33 0.01 0.22
-0.26 -0.01 0.14
-0.16 -0.03 0.01
-0.12 0.07 -0.02
-0.17 0.12 -0.06
-0.11 0.16 -0.13
0.01 0.13 -0.16
0.09 0.06 -0.11
0.17 0.00 -0.12
0.19 0.03 -0.03
0.18 -0.05 0.04
0.12 -0.03 -0.04
0.08 -0.02 0.04
0.11 -0.07 0.03
0.17 -0.12 0.09
0.17 -0.10 0.15
0.18 -0.14 0.20
0.20 -0.21 0.24
0.18 -0.30 0.24
0.26 -0.35 0.10
0.33 -0.33 -0.09
0.45 -0.21 -0.30
0.52 -0.08 -0.35
0.60 -0.12 -0.51
0.57 -0.14 -0.60
0.28 -0.12 -0.56
0.05 -0.01 -0.39
-0.19 0.03 -0.16
-0.24 0.09 -0.12
-0.32 0.18 0.12
-0.30 0.20 0.10
-0.22 0.17 0.10
-0.18 0.14 0.01
-0.18 0.13 0.01
-0.17 0.15 0.04
-0.18 0.11 0.07
-0.19 0.06 0.05
-0.17 0.04 0.07
-0.14 0.03 0.09
-0.12 0.01 0.08
-0.09 0.01 0.09
-0.14 -0.02 0.14
-0.07 0.01 0.15
-0.03 -0.03 0.01
-0.06 -0.03 0.02
-0.01 0.01 0.01
-0.01 0.04 0.01
0.01 0.02 -0.01
0.00 0.01 0.01
0.02 -0.03 0.02
0.03 -0.03 -0.01
-0.01 -0.04 -0.06
-0.01 -0.06 -0.03
0.01 -0.01 -0.05
-0.01 -0.00 -0.01
-0.01 0.01 -0.01
0.00 0.02 -0.01
-0.01 0.03 0.00
-0.00 0.00 0.01
0.01 -0.01 0.01
-0.01 -0.03 -0.00
-0.01 -0.01 -0.01
-0.02 0.01 -0.01
-0.01 0.02 0.01
-0.02 0.02 -0.02
0.00 0.01 0.03
-0.01 -0.00 0.04
-0.01 -0.02 0.00
0.01 -0.04 -0.01
0.02 -0.04 -0.00
0.01 0.00 -0.02
