0.03 -0.01 -0.00
0.02 -0.01 -0.01
0.04 -0.01 0.01
0.05 -0.02 0.02
0.02 -0.02 0.02
0.03 -0.02 0.02
0.02 -0.01 0.00
0.01 -0.02 -0.03
0.00 0.02 -0.02
0.00 -0.00 -0.01
0.00 -0.01 -0.01
0.01 -0.04 0.02
0.01 -0.02 0.03
0.00 -0.02 0.01
0.00 -0.01 0.03
0.00 0.00 0.01
-0.00 0.01 0.02
0.01 0.02 0.02
-0.02 0.02 -0.01
-0.04 0.01 -0.04
-0.05 0.02 -0.09
-0.09 0.00 -0.09
-0.06 0.00 -0.07
-0.06 -0.00 -0.03
-0.13 0.03 -0.02
-0.20 0.04 -0.00
-0.21 0.06 0.02
-0.41 0.14 0.09
-0.36 0.10 -0.01
-0.27 0.10 -0.06
-0.20 0.15 -0.04
-0.17 0.22 -0.02
-0.17 0.25 0.05
-0.29 0.28 0.26
-0.25 0.18 0.26
-0.07 0.11 0.26
0.18 0.14 0.19
0.46 0.13 0.05
0.55 0.09 -0.11
0.56 0.05 -0.22
0.52 0.03 -0.20
0.48 -0.10 -0.14
0.48 -0.13 -0.10
0.66 -0.22 -0.03
0.79 -0.32 -0.08
0.58 -0.32 -0.15
0.29 -0.31 -0.17
0.14 -0.26 -0.18
-0.07 -0.18 -0.19
-0.18 -0.13 -0.15
-0.28 -0.03 -0.08
-0.28 -0.01 -0.03
-0.06 -0.01 0.13
0.04 -0.04 0.14
0.03 -0.03 0.11
-0.00 -0.03 0.11
-0.03 -0.02 0.11
-0.10 0.04 0.10
-0.12 0.10 0.09
-0.09 0.12 0.11
-0.03 0.14 0.12
-0.03 0.17 0.08
-0.07 0.17 0.02
-0.13 0.10 -0.05
-0.13 0.11 -0.16
-0.26 0.15 -0.12
-0.75 -0.14 0.21
-0.17 0.04 -0.16
-0.25 0.05 0.03
-0.20 0.07 0.11
-0.23 0.09 0.15
-0.32 0.03 0.09
-0.52 -0.02 0.03
-0.58 0.02 0.04
-0.42 -0.01 0.10
-0.17 -0.04 0.21
-0.01 -0.09 0.19
0.07 -0.10 0.11
0.69 -0.14 -0.32
-0.08 -0.12 0.36
0.11 -0.15 -0.34
-0.06 -0.14 -0.27
0.29 -0.13 -0.34
-0.05 -0.02 -0.08
-0.04 0.23 0.25
0.01 0.07 0.24
0.09 0.12 0.20
0.13 -0.06 0.04
0.29 -0.04 -0.04
0.30 -0.03 -0.00
0.37 0.02 0.04
0.46 0.00 0.10
0.46 -0.02 0.07
0.54 -0.10 0.03
0.68 -0.36 -0.13
0.58 -0.06 0.00
1.73 -1.29 -1.56
-1.45 0.68 0.24
-0.13 -0.56 -0.65
-0.57 0.19 0.20
-0.30 0.36 -0.12
-0.38 0.24 -0.25
-0.38 -0.05 -0.05
-0.41 -0.30 0.19
-0.08 -0.17 -0.05
-0.30 0.05 -0.03
-0.14 0.08 0.05
-0.04 0.00 0.17
-0.01 0.01 0.18
-0.05 -0.04 0.11
-0.00 -0.03 0.06
0.01 -0.02 0.07
0.01 -0.02 0.09
0.03 -0.01 0.02
0.03 0.00 -0.01
0.01 0.03 -0.02
-0.00 0.05 -0.01
-0.05 0.05 -0.02
-0.04 0.06 -0.02
-0.06 0.05 -0.04
-0.04 0.03 -0.04
-0.00 0.02 -0.02
-0.00 0.00 -0.01
-0.01 -0.01 -0.02
0.00 -0.02 -0.02
-0.02 -0.01 -0.02
-0.03 -0.01 0.00
-0.02 0.00 0.01
0.00 0.00 0.05
-0.01 -0.01 0.06
-0.01 -0.00 0.02
0.01 -0.01 -0.02
0.01 -0.00 -0.03
0.01 -0.01 -0.03
0.04 0.01 -0.03
0.01 0.01 -0.02
0.03 -0.01 -0.00
0.01 -0.00 -0.02
0.00 0.00 0.01
0.00 0.00 0.02
-0.02 0.01 0.01
-0.02 0.01 -0.00
-0.02 0.01 -0.01
-0.01 0.00 -0.00
0.01 0.00 0.00
0.01 0.00 0.01
0.01 -0.02 -0.00
-0.00 -0.01 0.02
-0.03 0.00 -0.01
-0.01 0.01 0.00
