0.00 -0.00 0.03
0.00 0.00 0.01
0.00 0.00 0.02
0.02 -0.02 0.01
0.01 -0.02 0.00
0.01 -0.01 -0.00
-0.00 -0.02 0.01
-0.00 -0.00 -0.00
0.00 -0.01 -0.00
0.00 -0.00 -0.02
-0.01 -0.00 -0.02
0.00 -0.02 -0.03
-0.01 0.00 -0.00
-0.01 0.02 0.00
-0.00 0.00 -0.00
-0.00 -0.01 0.01
-0.00 0.01 0.01
0.00 -0.00 0.01
0.00 -0.02 0.00
-0.01 -0.01 -0.02
-0.00 -0.01 -0.03
-0.01 0.01 0.01
0.00 -0.00 0.04
0.01 0.00 0.01
-0.01 0.02 -0.02
0.00 0.00 -0.01
0.01 -0.00 0.01
0.08 -0.04 -0.02
-0.06 0.01 0.00
-0.01 0.00 0.00
0.00 -0.02 -0.01
0.02 -0.03 -0.01
-0.01 -0.02 -0.00
-0.00 0.00 0.00
-0.00 0.02 0.01
-0.01 0.00 0.03
0.01 -0.00 0.03
-0.01 0.01 0.00
-0.01 0.00 0.01
0.01 0.02 0.01
0.01 0.01 0.01
0.00 0.05 0.01
-0.01 0.02 -0.02
0.04 0.03 -0.12
0.09 0.01 -0.13
0.14 -0.00 -0.21
0.11 -0.06 -0.34
0.07 -0.10 -0.53
-0.05 -0.15 -0.60
-0.09 -0.14 -0.48
-0.08 -0.06 -0.25
0.07 0.01 0.10
0.12 0.06 0.22
0.04 0.10 0.27
-0.02 0.06 0.30
-0.01 -0.03 0.28
0.07 0.03 0.40
0.08 0.06 0.48
0.03 0.09 0.53
0.03 0.10 0.59
0.02 0.04 0.54
0.10 -0.05 0.38
-0.12 0.13 0.26
-0.27 0.09 0.26
-0.15 0.01 0.17
0.07 -0.08 0.20
-0.04 -0.03 0.17
-0.09 -0.00 0.14
0.08 -0.05 0.16
0.04 -0.10 0.17
-0.00 -0.06 -0.03
0.05 -0.02 -0.19
0.01 0.01 -0.34
-0.02 0.06 -0.21
0.09 0.01 -0.18
0.05 0.02 -0.24
-0.02 0.03 -0.40
-0.03 0.04 -0.43
-0.00 0.03 -0.37
-0.07 0.02 -0.33
-0.01 -0.01 -0.33
-0.12 -0.04 -0.37
-0.08 -0.11 -0.48
0.27 -0.13 -0.49
0.64 -0.15 -0.04
-0.07 -0.03 -0.16
-0.15 -0.10 -0.03
0.14 0.23 0.42
-0.28 -0.01 -0.44
-0.12 -0.17 -0.26
-0.01 0.02 -0.03
0.03 0.07 0.08
0.07 0.08 0.13
0.02 0.07 0.07
-0.06 0.05 0.04
0.01 0.09 0.00
0.02 0.12 0.11
0.13 0.07 0.23
0.16 0.07 0.32
0.10 0.07 0.35
0.03 0.08 0.31
-0.01 0.08 0.34
-0.04 0.10 0.38
-0.05 0.08 0.47
-0.03 0.09 0.52
-0.06 0.08 0.46
-0.05 0.01 0.33
-0.03 -0.05 0.12
0.06 -0.04 -0.04
-0.25 -0.05 -0.16
-0.12 -0.06 -0.14
0.01 -0.08 -0.00
0.10 -0.09 0.04
0.02 -0.06 -0.03
-0.01 -0.08 -0.10
-0.09 -0.06 -0.16
-0.07 -0.04 -0.17
-0.00 -0.04 -0.17
0.03 -0.00 -0.06
-0.03 -0.01 -0.09
-0.00 0.02 -0.08
0.03 0.05 -0.08
-0.05 0.01 -0.01
0.00 0.03 -0.01
0.05 0.01 0.02
0.01 -0.01 -0.01
0.01 0.02 -0.02
-0.01 -0.02 -0.02
0.01 -0.01 -0.03
0.03 -0.01 -0.01
0.02 0.01 0.02
-0.01 0.01 0.01
-0.01 -0.01 0.00
0.00 0.00 -0.01
-0.02 -0.01 -0.04
-0.01 -0.01 -0.04
-0.01 -0.01 -0.04
-0.02 -0.01 -0.02
0.00 0.00 -0.02
-0.00 0.01 0.04
-0.00 0.01 0.02
-0.02 0.00 -0.01
-0.01 0.02 -0.02
0.00 -0.01 -0.02
0.01 -0.01 -0.02
-0.01 -0.00 -0.03
0.00 -0.00 -0.01
0.00 -0.01 0.01
0.01 -0.00 0.01
-0.00 0.01 0.01
