-0.01 0.04 -0.00
0.00 -0.00 -0.00
0.00 -0.01 -0.00
-0.01 0.00 -0.01
-0.01 0.02 -0.03
0.01 -0.03 0.01
0.01 -0.03 0.03
0.00 -0.01 0.02
0.01 -0.02 -0.03
-0.01 0.01 0.01
-0.01 0.01 0.02
0.00 0.01 0.00
-0.02 0.02 -0.05
0.00 0.00 -0.02
-0.01 0.00 -0.00
-0.00 -0.01 0.02
-0.00 -0.01 0.02
-0.01 0.00 0.01
-0.00 -0.00 0.01
0.01 -0.00 -0.02
-0.02 0.02 -0.04
-0.01 0.00 -0.00
0.01 -0.02 0.02
0.01 -0.01 0.01
-0.02 0.02 0.00
0.01 -0.00 0.01
0.01 -0.01 0.00
0.01 0.00 -0.02
-0.01 0.01 -0.00
-0.00 0.00 0.02
0.01 -0.01 0.01
-0.01 0.01 0.00
-0.00 -0.00 0.01
-0.01 -0.00 -0.00
0.01 -0.00 -0.02
0.00 -0.00 -0.01
0.01 -0.00 0.00
-0.00 -0.01 0.01
-0.00 0.00 0.02
0.00 0.01 0.01
-0.01 0.00 0.01
-0.00 0.00 0.01
-0.00 -0.00 -0.00
-0.00 0.00 0.02
0.01 -0.01 0.04
-0.02 -0.01 0.03
-0.01 0.02 0.03
-0.01 0.04 0.01
-0.14 0.02 -0.03
-0.01 0.06 0.03
0.02 0.02 0.04
0.01 0.02 0.06
0.03 0.02 0.04
0.05 -0.02 -0.05
0.05 -0.00 -0.21
0.01 -0.04 -0.31
0.04 -0.13 -0.34
0.12 -0.07 -0.27
0.06 -0.14 -0.27
0.05 -0.10 -0.29
0.06 -0.11 -0.27
0.05 -0.11 -0.21
0.06 -0.05 -0.17
-0.01 -0.04 -0.06
0.01 0.00 0.06
0.01 0.06 0.10
-0.02 0.05 0.16
-0.09 0.03 0.25
-0.00 0.12 0.42
0.08 0.08 0.50
0.05 0.09 0.43
0.04 0.09 0.41
0.07 0.06 0.34
0.03 0.09 0.26
-0.17 0.13 0.39
-0.06 0.02 0.30
0.00 -0.07 0.28
-0.07 -0.03 0.23
-0.08 -0.01 0.17
-0.15 -0.02 0.11
-0.04 -0.05 0.08
0.03 -0.08 0.09
-0.04 -0.06 0.06
-0.03 -0.04 -0.02
0.03 -0.05 -0.04
-0.04 -0.02 -0.13
-0.12 0.06 -0.12
-0.08 0.08 -0.14
-0.02 0.04 -0.28
-0.05 0.06 -0.28
0.03 0.01 -0.24
0.06 0.00 -0.16
0.03 0.03 -0.14
0.05 0.08 -0.23
-0.22 0.06 -0.25
-0.05 -0.09 -0.42
0.07 -0.14 -0.31
0.13 -0.08 -0.12
0.19 0.02 0.03
0.39 -0.02 -0.06
-0.16 0.01 -0.19
-0.02 -0.02 -0.31
-0.07 -0.10 -0.37
-0.08 -0.05 -0.15
0.01 -0.05 -0.02
0.11 -0.06 0.09
0.07 -0.04 0.02
-0.07 0.01 -0.08
-0.13 0.08 0.00
-0.05 0.03 -0.00
-0.04 0.00 0.01
0.00 0.01 -0.00
-0.06 0.02 -0.04
-0.09 0.07 -0.02
-0.07 0.01 -0.06
-0.01 -0.06 -0.01
0.03 -0.01 0.12
0.02 0.07 0.14
-0.02 0.11 0.20
0.03 0.09 0.20
-0.01 0.02 0.18
0.00 0.02 0.22
0.01 0.11 0.34
-0.01 0.16 0.40
-0.05 0.12 0.38
-0.01 0.04 0.26
0.01 0.00 0.24
-0.01 -0.04 0.24
0.01 -0.08 0.22
0.04 -0.08 0.18
0.05 -0.04 0.11
-0.16 -0.07 -0.07
-0.02 -0.13 -0.19
-0.03 -0.12 -0.16
-0.04 -0.07 -0.18
-0.04 -0.06 -0.21
-0.01 -0.04 -0.21
-0.02 -0.01 -0.23
-0.05 0.00 -0.19
-0.04 0.01 -0.15
-0.03 0.02 -0.10
0.01 0.03 -0.03
0.03 0.05 0.02
0.05 0.02 -0.01
0.04 0.01 -0.01
0.04 0.02 0.01
-0.00 -0.01 -0.05
-0.00 0.01 0.01
0.05 0.02 0.07
0.02 -0.01 0.04
