0.01 0.01 0.01
-0.01 0.00 0.00
-0.00 -0.01 0.00
0.00 -0.01 0.01
0.00 -0.01 0.01
0.01 0.00 -0.00
-0.00 0.00 -0.02
-0.01 -0.01 -0.00
0.01 -0.01 0.01
0.01 0.00 -0.00
-0.00 -0.01 -0.00
0.00 -0.01 -0.03
-0.01 0.01 -0.01
-0.01 0.00 0.02
0.01 -0.00 0.03
0.01 -0.02 0.02
0.00 -0.01 0.02
0.00 0.00 -0.01
0.01 -0.01 -0.02
-0.01 -0.00 -0.00
-0.02 0.00 0.03
-0.04 0.00 0.01
-0.06 0.00 0.04
-0.03 0.02 0.05
-0.02 0.03 0.03
-0.02 0.04 -0.00
-0.02 0.02 -0.02
-0.05 0.03 -0.03
-0.08 0.05 -0.07
-0.05 -0.01 -0.08
-0.02 -0.04 -0.08
0.01 -0.07 -0.13
-0.01 -0.03 -0.15
-0.02 -0.03 -0.11
-0.01 0.00 -0.07
-0.01 -0.00 -0.10
0.02 -0.03 -0.09
0.05 -0.03 -0.02
0.04 -0.05 -0.01
0.00 -0.04 -0.05
0.08 -0.05 0.03
0.08 -0.02 0.05
0.01 0.05 0.03
-0.01 0.12 0.05
0.02 0.02 0.04
0.10 -0.10 0.02
0.10 -0.09 0.00
0.02 0.03 -0.01
-0.03 0.08 -0.04
0.04 0.03 0.01
0.08 -0.03 0.01
0.08 -0.02 0.02
0.08 -0.00 0.07
0.07 0.03 0.12
0.06 0.01 0.11
0.02 -0.06 0.01
0.01 -0.02 -0.06
0.17 0.07 0.14
-0.06 0.02 0.06
-0.07 0.04 0.06
-0.06 0.02 0.07
-0.10 -0.01 0.05
-0.05 -0.03 -0.02
-0.02 -0.02 0.03
0.00 -0.03 0.05
-0.05 -0.03 0.08
-0.03 0.00 0.07
-0.04 -0.01 0.07
-0.03 -0.02 0.06
-0.01 -0.02 0.06
0.00 -0.03 0.04
0.00 -0.04 0.04
-0.02 -0.03 0.04
-0.02 -0.01 0.01
-0.01 -0.02 0.01
-0.00 -0.03 0.01
0.02 -0.02 0.04
0.01 -0.02 0.04
0.01 -0.02 0.07
0.00 -0.00 0.07
-0.00 0.01 0.05
-0.00 0.03 0.04
0.01 0.01 0.01
0.01 0.01 0.03
-0.01 0.02 0.05
-0.02 0.01 0.02
-0.01 0.01 0.02
-0.04 0.02 0.03
-0.07 0.03 0.01
-0.06 0.04 -0.01
-0.07 0.01 -0.02
-0.04 0.01 -0.03
-0.01 0.01 -0.02
-0.07 0.02 -0.01
-0.10 0.03 -0.03
-0.11 0.04 -0.04
-0.15 0.06 -0.05
-0.10 0.03 -0.04
-0.13 -0.05 -0.09
-0.09 -0.00 -0.01
-0.14 0.04 -0.07
-0.07 0.00 -0.13
-0.08 0.01 -0.18
-0.04 -0.03 -0.14
0.02 -0.00 -0.07
0.05 0.00 -0.04
-0.00 0.02 -0.08
0.02 -0.02 -0.09
0.06 -0.04 -0.11
0.07 -0.04 -0.08
0.11 -0.04 -0.04
0.14 -0.04 0.00
0.15 -0.05 0.01
0.12 -0.05 -0.04
0.02 -0.04 -0.10
0.01 -0.04 -0.10
0.05 -0.03 -0.03
0.07 -0.01 0.03
0.05 0.00 0.03
0.05 -0.02 0.04
0.04 -0.01 0.05
0.02 -0.01 0.06
0.03 0.02 0.06
0.00 0.01 0.03
-0.02 0.04 0.01
-0.01 0.02 0.01
0.01 0.01 0.02
0.02 0.00 0.03
-0.01 -0.00 0.03
-0.02 0.00 0.04
-0.03 0.01 0.03
-0.02 0.02 0.04
-0.02 0.01 0.03
-0.01 0.01 0.01
-0.01 0.01 0.03
-0.01 0.01 -0.00
-0.02 0.01 -0.00
-0.01 0.00 -0.00
-0.01 -0.01 -0.00
-0.00 -0.02 0.00
-0.01 -0.03 -0.01
0.00 -0.02 -0.00
-0.00 -0.02 0.00
-0.01 0.01 -0.03
-0.02 0.00 -0.03
-0.01 0.01 0.00
-0.01 0.01 0.02
-0.00 0.00 0.02
-0.00 -0.02 0.00
0.00 -0.02 -0.03
