-0.01 0.02 0.00
-0.00 0.02 0.00
-0.01 0.01 0.01
-0.00 0.01 0.00
-0.01 -0.00 0.02
-0.01 0.01 0.00
-0.00 0.00 0.01
-0.02 0.02 -0.01
0.03 -0.01 -0.03
0.03 -0.01 0.00
0.06 -0.02 -0.00
0.07 -0.00 -0.00
0.06 -0.02 -0.02
0.13 -0.06 -0.03
0.15 -0.18 -0.13
0.25 -0.19 -0.18
0.18 -0.23 -0.23
0.06 -0.19 -0.14
0.12 0.57 0.61
-0.07 -0.02 -0.15
-0.04 0.07 0.13
-0.16 -0.05 0.13
-0.16 0.00 0.19
-0.25 0.08 0.23
-0.37 0.36 0.46
-0.27 0.28 0.21
-0.24 0.19 0.15
-0.28 0.10 0.25
-0.21 -0.13 0.14
-0.19 0.03 0.41
-0.00 0.03 0.09
0.20 -0.01 -0.01
0.14 0.18 0.02
0.11 0.36 -0.02
0.12 0.38 -0.08
0.05 0.34 -0.09
0.00 0.11 -0.16
-0.03 -0.01 -0.11
0.11 -0.06 -0.00
0.13 0.04 0.01
0.13 0.35 0.12
0.04 0.14 -0.13
-0.07 0.19 -0.28
-0.03 0.11 -0.18
-0.01 0.10 -0.09
-0.04 0.01 -0.12
-0.05 -0.79 -0.13
-0.02 -0.47 -0.17
0.00 -0.26 0.00
0.12 -0.02 -0.04
0.14 -0.07 -0.08
0.18 -0.10 -0.02
0.12 -0.04 -0.01
0.14 -0.03 0.00
0.13 -0.01 -0.03
0.16 -0.05 -0.04
0.17 -0.06 -0.01
0.16 -0.05 -0.01
0.11 -0.09 -0.02
0.12 -0.09 -0.01
0.11 -0.09 0.03
0.13 -0.06 0.01
0.30 -0.13 0.01
0.38 -0.26 -0.05
0.50 -0.42 -0.12
0.51 -0.48 -0.15
0.16 -0.48 -0.16
-0.26 -0.27 -0.09
-0.30 -0.08 0.04
-0.12 -0.02 0.04
0.04 -0.17 -0.08
0.05 -0.18 -0.08
-0.06 -0.09 0.03
-0.18 -0.07 0.08
-0.26 -0.04 0.13
-0.27 0.11 0.18
-0.18 0.08 0.17
-0.07 0.04 0.15
-0.07 -0.01 0.10
-0.11 -0.02 0.04
-0.16 0.06 -0.01
-0.20 0.10 -0.02
-0.17 0.05 -0.05
-0.58 -0.16 0.22
-0.12 0.44 0.15
-0.25 0.07 0.06
-0.12 0.11 0.05
-0.22 0.15 0.03
-0.32 0.14 -0.04
-0.24 0.10 -0.04
-0.25 0.07 -0.02
-0.15 0.10 0.07
-0.43 0.59 0.54
-0.23 0.05 -0.16
-0.08 0.11 0.08
-0.05 -0.14 0.09
-0.01 0.04 0.05
0.05 0.01 0.01
0.04 0.01 -0.12
0.07 -0.01 -0.14
0.06 -0.03 -0.09
0.06 -0.01 -0.03
0.06 -0.04 -0.08
0.10 -0.07 -0.05
0.11 -0.05 -0.04
0.11 -0.04 -0.02
0.10 -0.04 0.00
0.07 -0.08 -0.00
0.04 -0.04 -0.04
0.02 -0.01 -0.03
-0.00 -0.00 -0.03
-0.02 -0.00 -0.01
-0.02 -0.02 0.01
-0.01 -0.03 0.03
0.01 -0.05 0.04
0.00 -0.05 0.04
-0.01 -0.04 0.04
-0.01 -0.01 0.04
-0.01 0.00 0.01
-0.01 -0.00 -0.00
-0.00 -0.00 -0.00
-0.01 -0.02 -0.01
0.05 -0.04 -0.00
0.04 -0.07 0.00
0.03 -0.04 0.01
0.01 -0.04 0.00
-0.00 -0.01 0.02
-0.01 0.01 0.01
-0.01 0.03 -0.03
-0.00 0.02 -0.00
0.01 0.03 0.01
0.01 0.06 0.02
0.01 -0.02 -0.03
0.00 -0.00 -0.01
-0.00 0.01 0.01
-0.00 0.00 0.02
0.01 0.00 0.03
0.01 -0.03 -0.00
-0.03 -0.27 -0.12
0.01 0.00 0.02
0.00 0.02 0.01
-0.03 -0.11 -0.18
-0.03 0.00 -0.04
-0.00 -0.00 0.00
0.01 0.10 0.09
-0.02 -0.05 -0.06
-0.02 0.02 -0.00
-0.02 0.05 0.01
-0.01 -0.02 0.01
0.02 -0.06 0.04
