-0.00 0.02 -0.00
-0.01 0.00 0.02
-0.00 -0.01 -0.00
0.00 -0.00 0.01
0.00 -0.01 0.01
0.01 0.01 -0.01
0.03 0.01 0.01
0.05 0.01 0.01
0.07 0.01 -0.09
0.14 -0.06 -0.13
0.20 -0.14 -0.11
0.18 -0.15 -0.14
0.20 -0.17 -0.18
0.20 -0.05 -0.17
0.12 -0.03 -0.13
-0.02 0.10 0.06
-0.20 0.01 0.24
-0.23 -0.16 0.27
0.08 0.64 0.65
-0.03 -0.53 -0.02
0.08 0.07 0.26
-0.18 -0.05 0.21
-0.08 0.00 0.31
-0.01 0.16 0.29
-0.05 0.26 0.34
-0.15 0.48 0.33
-0.20 0.39 0.33
-0.26 0.32 0.29
-0.16 0.31 0.26
-0.02 0.16 0.06
0.05 0.22 0.01
0.06 0.26 -0.13
0.09 0.24 -0.09
-0.03 0.37 -0.08
-0.08 0.38 -0.19
-0.01 0.29 -0.23
-0.03 0.16 -0.23
0.07 0.09 -0.28
0.13 0.03 -0.29
0.20 -0.11 -0.28
0.20 -0.10 -0.19
0.15 -0.10 -0.14
0.15 -0.09 -0.05
0.20 -0.08 -0.06
0.17 -0.06 -0.04
0.20 -0.08 0.01
0.19 -0.11 0.03
0.12 -0.09 0.04
0.05 -0.11 0.07
0.11 -0.12 0.10
0.21 -0.09 0.01
0.29 -0.15 -0.02
0.24 -0.21 -0.03
0.30 -0.21 -0.04
0.21 -0.20 -0.16
-0.00 -0.13 -0.00
0.16 -0.17 0.12
0.13 -0.30 -0.13
0.05 -0.39 -0.16
-0.01 -0.29 -0.14
-0.22 -0.25 -0.07
-0.19 -0.14 0.02
-0.11 -0.03 -0.00
-0.06 -0.00 0.02
-0.11 -0.02 0.04
-0.16 -0.01 0.06
-0.23 -0.07 0.04
-0.07 -0.04 -0.01
-0.11 -0.06 -0.00
-0.13 0.05 0.04
-0.01 0.17 0.11
-0.12 0.23 0.04
-0.61 0.12 0.22
-0.48 0.12 0.06
-0.23 0.27 0.05
-0.49 0.09 0.14
-0.22 0.19 0.08
-0.32 0.05 0.09
-0.49 0.17 0.46
-0.47 0.10 0.34
-0.33 0.11 0.08
-0.09 0.19 -0.08
0.03 0.13 -0.22
-0.07 0.11 -0.27
0.02 0.07 -0.26
0.33 0.42 0.23
-0.11 -0.08 -0.75
0.09 -0.32 -0.09
-0.16 -0.12 0.11
0.32 -0.01 0.06
0.31 -0.06 -0.09
0.09 -0.12 -0.02
0.04 -0.14 0.00
0.06 -0.07 0.01
0.07 -0.02 -0.02
0.02 -0.02 0.02
0.02 -0.06 0.04
0.02 -0.02 0.02
0.02 -0.00 0.02
0.00 -0.02 0.01
-0.01 -0.02 0.01
-0.01 -0.01 -0.00
-0.01 0.02 0.00
-0.01 -0.00 0.01
0.07 -0.00 -0.04
0.02 -0.03 -0.00
0.02 -0.04 0.01
0.00 -0.03 -0.02
-0.01 -0.00 0.01
-0.01 -0.00 0.01
-0.02 -0.02 -0.00
-0.02 -0.01 0.01
-0.01 0.00 0.03
0.00 -0.02 0.01
0.02 -0.02 -0.02
0.00 -0.01 -0.01
-0.02 0.01 0.00
-0.01 0.02 -0.02
0.01 -0.00 -0.03
0.01 -0.01 -0.00
-0.00 0.00 0.02
0.01 -0.01 0.03
0.01 -0.01 0.01
0.00 -0.01 0.00
-0.01 0.01 -0.01
-0.03 0.03 -0.02
-0.01 0.05 -0.01
0.00 0.02 -0.02
0.00 -0.00 0.01
0.00 0.01 0.00
-0.00 -0.00 0.00
0.00 0.02 0.03
0.00 -0.03 0.01
-0.00 -0.02 0.01
0.00 -0.01 0.01
0.00 -0.00 -0.00
0.01 0.02 0.01
-0.00 0.02 0.01
-0.01 0.01 -0.01
0.00 -0.01 -0.01
0.01 -0.01 -0.01
0.01 -0.02 -0.01
0.01 -0.02 -0.02
0.01 0.00 -0.01
-0.02 0.02 -0.01
-0.02 0.04 0.02
0.00 0.01 0.00
-0.00 -0.01 -0.02
-0.00 0.03 0.02
-0.00 0.02 -0.01
