-0.01 0.00 0.00
-0.00 -0.02 -0.00
0.00 -0.02 -0.00
0.00 -0.03 -0.04
0.03 -0.02 0.00
0.05 -0.03 -0.06
0.07 -0.03 -0.04
0.10 -0.07 -0.07
0.18 -0.10 -0.06
0.15 -0.09 -0.14
0.10 -0.16 -0.16
0.11 -0.16 -0.09
0.13 -0.15 -0.04
-0.01 -0.17 0.03
-0.08 -0.14 0.09
-0.08 -0.32 0.04
-0.12 -0.03 0.12
-0.03 -0.17 0.01
-0.08 0.27 0.21
-0.38 0.17 0.29
-0.26 0.05 0.36
-0.01 0.18 0.45
0.05 0.23 0.38
-0.22 0.37 0.74
-0.14 0.40 0.53
-0.03 0.34 0.25
-0.04 0.27 -0.01
-0.06 0.35 -0.12
-0.04 0.48 -0.24
-0.03 0.52 -0.23
0.04 0.58 -0.14
0.26 0.26 -0.14
0.23 0.10 -0.04
0.19 -0.02 -0.03
0.25 -0.18 -0.09
0.32 -0.15 -0.22
0.22 -0.11 -0.29
0.26 -0.18 -0.23
0.28 -0.28 -0.13
0.23 -0.29 -0.07
0.18 -0.26 0.01
0.11 -0.22 0.09
0.08 -0.15 0.12
0.07 -0.08 0.04
0.16 -0.04 0.02
0.19 -0.11 -0.13
0.20 -0.12 -0.17
0.26 -0.20 -0.17
0.31 -0.39 -0.28
0.22 -0.50 -0.41
0.19 -0.46 -0.39
0.09 -0.40 -0.39
-0.02 -0.44 -0.47
-0.09 -0.39 -0.47
-0.08 -0.24 -0.34
-0.20 -0.00 -0.09
-0.30 0.18 0.06
-0.18 0.24 0.24
-0.12 0.24 0.36
-0.22 0.21 0.42
-0.24 0.10 0.35
-0.28 0.02 0.29
-0.32 0.11 0.26
-0.27 0.15 0.30
-0.23 0.22 0.34
-0.24 0.27 0.28
-0.23 0.35 0.22
-0.37 0.51 0.30
-0.31 0.65 0.28
-0.53 0.46 0.29
-0.41 0.21 -0.03
-0.25 0.02 -0.12
0.04 -0.04 -0.37
0.12 -0.11 -0.32
0.73 -0.21 -0.90
-0.05 0.03 0.05
0.19 -0.19 -0.33
0.09 -0.16 -0.18
0.28 -0.15 -0.09
0.27 -0.19 -0.15
0.17 -0.23 -0.18
0.14 -0.21 -0.16
0.14 -0.17 -0.13
0.08 -0.17 -0.09
0.05 -0.13 -0.06
0.04 -0.13 -0.06
0.06 -0.08 -0.03
0.02 -0.09 -0.04
-0.05 0.01 0.04
-0.06 0.08 0.06
-0.06 0.09 0.05
-0.07 0.08 0.08
-0.07 0.06 0.06
-0.08 0.07 0.07
-0.06 0.07 0.05
-0.03 0.03 0.06
-0.04 0.01 0.02
-0.02 0.01 0.03
-0.01 -0.00 0.00
0.02 -0.02 -0.04
0.01 -0.03 -0.03
0.00 -0.01 -0.01
-0.01 -0.02 0.00
0.00 -0.00 -0.00
0.00 0.00 0.00
0.00 0.00 0.01
-0.01 -0.01 0.02
-0.02 -0.01 -0.00
0.01 -0.00 -0.02
0.00 -0.02 -0.02
0.02 -0.06 -0.02
-0.01 -0.05 -0.01
-0.03 -0.00 0.01
-0.01 0.02 0.04
-0.00 0.03 0.02
-0.01 0.03 0.01
-0.00 0.03 0.01
0.01 0.01 0.00
0.00 -0.00 -0.02
-0.01 -0.02 -0.01
-0.01 -0.01 0.01
-0.00 -0.01 0.00
-0.00 0.00 0.01
-0.00 0.01 0.00
0.01 0.04 -0.00
0.01 0.03 0.01
0.01 0.05 -0.02
-0.03 0.06 0.04
0.01 0.02 -0.01
0.01 0.00 -0.04
0.01 -0.04 -0.06
0.02 -0.03 -0.03
-0.01 -0.02 -0.01
-0.03 0.02 0.00
-0.01 0.01 0.04
0.01 0.01 0.04
0.04 0.05 -0.06
-0.05 0.05 0.06
-0.05 -0.00 0.08
-0.02 -0.05 -0.01
0.01 -0.07 -0.01
0.01 -0.07 -0.02
0.03 -0.03 -0.02
0.02 0.01 -0.03
0.00 0.09 0.01
-0.02 0.06 0.00
-0.01 0.03 0.01
-0.00 0.01 -0.01
0.01 -0.00 -0.02
0.02 -0.02 -0.01
