0.00 0.00 -0.01
0.00 0.00 -0.01
-0.00 0.00 0.00
0.00 0.00 -0.01
-0.00 -0.01 0.01
-0.00 -0.01 -0.00
-0.00 -0.01 0.02
-0.00 -0.01 -0.00
-0.01 -0.01 0.00
0.00 0.01 -0.03
0.00 0.01 -0.01
0.00 0.01 0.00
-0.00 0.00 -0.01
-0.00 -0.00 -0.00
-0.00 -0.00 0.01
-0.00 -0.01 0.00
0.01 -0.00 0.01
0.00 -0.01 0.01
0.00 -0.02 0.02
-0.01 -0.01 0.01
-0.01 -0.01 -0.01
-0.00 -0.01 0.00
0.00 -0.02 -0.02
0.00 -0.02 -0.01
-0.01 -0.03 -0.01
-0.00 -0.02 -0.01
-0.00 -0.04 0.01
-0.01 -0.03 -0.01
0.00 -0.01 0.00
0.01 -0.03 0.01
0.02 -0.06 0.01
0.02 -0.06 0.00
0.03 -0.05 -0.01
-0.01 -0.09 -0.00
0.01 -0.07 0.01
0.01 -0.09 0.03
-0.00 -0.08 0.03
0.01 -0.07 0.05
0.05 -0.04 0.05
0.05 -0.01 0.04
0.04 0.01 -0.00
0.06 0.04 -0.04
0.05 0.08 -0.06
0.03 0.13 -0.05
0.04 0.15 -0.01
0.00 0.18 -0.03
0.00 0.18 -0.05
-0.01 0.13 -0.03
0.00 0.10 -0.03
-0.02 0.18 -0.08
-0.01 0.28 -0.08
0.00 0.32 -0.04
0.02 0.37 -0.04
0.00 0.44 -0.07
0.02 0.38 -0.05
-0.00 0.24 -0.05
-0.02 0.10 -0.01
-0.02 -0.03 0.01
-0.00 -0.11 -0.00
0.01 -0.17 -0.01
0.02 -0.23 0.00
0.00 -0.26 0.02
-0.01 -0.28 0.00
-0.07 -0.29 -0.01
0.00 -0.21 0.12
-0.05 -0.30 0.03
0.18 -0.37 -0.13
-0.19 -0.24 0.07
0.01 -0.16 0.03
-0.06 -0.17 0.08
-0.02 -0.20 0.02
-0.03 -0.17 0.02
0.00 -0.15 0.03
-0.02 -0.14 -0.00
-0.03 -0.10 -0.05
-0.08 -0.10 -0.08
-0.09 -0.11 -0.10
-0.06 -0.10 -0.10
-0.05 -0.09 -0.06
-0.02 -0.11 -0.05
-0.09 -0.10 -0.07
-0.02 -0.08 -0.04
-0.03 -0.02 0.02
0.01 0.07 -0.02
-0.01 0.08 -0.05
0.04 0.06 -0.03
0.08 0.10 -0.00
0.12 0.11 0.01
0.08 0.14 0.00
0.04 0.18 -0.03
0.01 0.20 -0.05
-0.00 0.18 -0.02
-0.00 0.13 -0.01
-0.01 0.12 -0.05
0.01 0.15 -0.01
0.07 0.19 0.09
0.05 0.18 0.11
0.04 0.14 0.10
0.03 0.12 0.07
-0.04 0.15 0.05
-0.01 0.11 0.05
-0.03 0.09 0.10
-0.03 0.10 0.09
0.00 0.11 0.04
-0.06 0.10 -0.00
-0.11 0.03 -0.05
-0.10 -0.01 -0.06
-0.09 -0.01 -0.03
-0.05 -0.03 -0.02
-0.03 -0.04 -0.04
-0.02 -0.06 -0.03
0.01 -0.07 0.01
0.02 -0.12 -0.00
0.04 -0.11 0.00
0.04 -0.11 0.01
0.05 -0.11 -0.00
0.02 -0.10 0.02
0.03 -0.09 0.01
0.03 -0.07 0.02
0.02 -0.05 0.02
0.01 -0.02 -0.00
0.01 -0.01 -0.02
0.02 -0.01 -0.02
-0.00 0.01 -0.01
-0.01 -0.01 -0.00
0.00 0.01 -0.03
-0.02 0.00 -0.02
-0.02 -0.01 -0.02
-0.01 0.00 0.01
-0.01 -0.01 -0.01
-0.01 0.00 -0.01
0.02 0.01 0.00
0.00 0.00 -0.00
0.00 -0.01 0.01
-0.01 -0.02 0.02
-0.00 -0.01 0.00
-0.00 -0.00 0.00
-0.02 0.00 -0.01
-0.02 -0.00 -0.01
-0.01 -0.00 0.01
-0.02 0.02 -0.01
-0.01 0.04 -0.01
0.00 0.03 -0.02
0.00 0.01 -0.02
0.00 -0.01 0.00
0.01 -0.02 0.02
0.00 -0.01 0.03
0.01 0.01 0.03
0.01 0.02 0.02
0.01 0.01 0.02
