-0.00 -0.02 0.03
0.00 -0.00 0.01
0.01 0.01 0.01
0.00 0.00 0.01
-0.01 -0.01 0.01
-0.00 0.00 -0.00
-0.01 -0.00 0.01
-0.00 -0.00 0.00
0.00 0.01 0.01
0.00 0.00 -0.01
0.00 -0.01 0.00
-0.01 -0.00 -0.02
-0.01 -0.00 -0.02
-0.01 0.00 -0.02
-0.02 -0.01 -0.04
-0.01 0.00 -0.03
-0.02 -0.01 -0.02
-0.01 -0.01 -0.00
0.00 0.00 -0.01
-0.01 -0.01 -0.01
-0.01 -0.01 -0.01
-0.01 -0.03 -0.00
-0.01 -0.02 0.01
0.01 -0.02 0.01
0.01 0.00 0.01
-0.00 -0.00 0.01
0.01 -0.00 -0.01
0.01 -0.03 0.01
-0.00 -0.09 0.01
-0.03 -0.12 0.04
-0.04 -0.12 0.00
-0.01 -0.09 0.00
0.01 -0.07 0.02
0.00 -0.05 0.00
0.02 -0.05 0.02
0.03 -0.04 0.03
0.05 -0.01 0.04
0.07 0.01 0.01
0.05 0.01 0.01
0.02 0.05 -0.01
0.02 0.13 -0.00
0.05 0.21 -0.04
0.02 0.27 -0.09
0.04 0.35 -0.14
0.08 0.39 -0.19
0.10 0.42 -0.17
0.09 0.44 -0.18
0.07 0.40 -0.13
0.06 0.26 -0.09
0.05 0.07 -0.02
0.01 -0.13 0.04
-0.04 -0.30 0.08
-0.06 -0.39 0.13
-0.10 -0.46 0.18
-0.09 -0.47 0.17
-0.09 -0.36 0.14
-0.07 -0.25 0.08
-0.02 -0.19 0.09
-0.07 -0.13 0.08
-0.01 -0.12 0.04
0.28 -0.90 -0.31
-0.18 -0.13 0.06
0.16 -0.11 -0.05
-0.04 -0.04 0.05
-0.00 -0.10 0.00
-0.01 -0.13 0.03
-0.02 -0.15 0.03
-0.03 -0.13 -0.04
-0.03 -0.05 -0.12
-0.01 -0.06 -0.11
0.00 -0.03 -0.10
-0.01 0.02 -0.13
0.00 0.11 -0.15
0.04 0.20 -0.11
0.05 0.18 -0.07
0.16 0.14 -0.05
0.02 0.17 -0.04
-0.22 0.09 -0.11
0.10 0.27 -0.25
-0.14 0.23 -0.08
-0.06 0.25 -0.16
-0.01 0.28 -0.09
-0.11 0.27 0.03
-0.02 0.20 -0.04
-0.07 0.10 0.02
-0.06 0.01 0.06
-0.06 -0.05 0.01
-0.04 -0.06 0.03
0.00 -0.07 0.05
0.03 -0.09 0.04
0.02 -0.13 0.07
0.03 -0.13 0.07
0.04 -0.13 0.09
0.05 -0.13 0.09
0.03 -0.12 0.07
0.07 -0.08 0.06
0.05 -0.06 0.05
0.05 -0.03 0.03
0.04 -0.02 0.02
0.02 -0.02 0.01
0.01 -0.02 0.00
-0.00 -0.02 -0.01
-0.01 -0.02 -0.01
-0.01 -0.01 -0.02
-0.02 -0.02 -0.04
-0.03 -0.02 -0.03
-0.01 -0.01 -0.02
-0.01 0.00 0.00
0.00 0.01 -0.00
0.01 -0.02 -0.01
0.00 0.01 0.00
0.00 0.01 -0.02
0.01 0.01 0.01
0.00 -0.01 0.03
-0.00 -0.01 0.00
0.00 -0.01 -0.01
-0.02 -0.00 -0.01
-0.01 -0.02 0.00
-0.01 0.00 0.00
-0.01 0.01 -0.01
-0.01 0.00 -0.00
0.00 -0.01 0.01
-0.00 -0.00 0.01
0.00 0.01 -0.00
-0.01 0.02 -0.01
-0.00 0.01 -0.01
0.00 -0.00 0.01
0.00 -0.00 0.00
-0.01 -0.00 -0.00
-0.01 0.01 -0.00
0.00 0.00 0.01
0.00 0.00 -0.00
-0.00 0.01 0.00
0.00 0.01 -0.01
0.01 0.00 -0.00
0.00 0.00 -0.00
-0.01 0.00 -0.02
0.00 0.00 -0.01
-0.00 0.00 -0.01
0.00 -0.00 0.00
-0.01 -0.00 -0.00
-0.00 -0.02 0.02
0.01 -0.02 0.03
-0.00 -0.01 0.01
0.01 0.00 -0.00
-0.00 -0.00 0.01
0.01 -0.00 0.01
-0.00 -0.00 0.01
-0.01 -0.01 -0.02
-0.01 -0.00 -0.01
