0.00 -0.01 -0.02
0.01 0.04 0.02
0.02 0.03 0.05
0.05 0.00 -0.01
0.04 -0.00 0.00
0.09 0.01 -0.02
0.09 -0.04 -0.03
0.11 -0.05 0.00
0.15 -0.10 -0.06
0.22 -0.09 -0.14
0.21 -0.16 -0.14
0.20 -0.25 -0.18
0.13 -0.35 -0.17
0.02 -0.32 -0.00
-0.08 -0.19 0.24
0.05 -0.53 -0.15
-0.04 -0.56 -0.30
-0.43 0.14 0.24
-0.37 0.10 0.50
0.07 0.07 0.40
-0.28 0.00 0.31
-0.12 0.22 0.52
-0.09 0.41 0.50
-0.12 0.53 0.34
-0.23 0.61 0.26
-0.41 0.84 -0.01
-0.34 0.80 -0.09
-0.26 0.66 -0.20
0.00 0.42 -0.30
0.12 0.07 -0.34
0.31 -0.00 -0.26
0.40 -0.11 -0.30
0.33 -0.12 -0.26
0.27 -0.14 -0.16
0.22 -0.18 -0.06
0.15 -0.19 0.05
0.10 -0.18 0.11
0.12 -0.16 0.08
0.18 -0.14 0.08
0.20 -0.10 0.04
0.19 -0.09 0.03
0.18 -0.06 0.07
0.15 -0.08 0.08
0.17 -0.06 0.05
0.26 -0.04 0.04
0.34 -0.10 -0.09
0.36 -0.08 -0.17
0.55 -0.22 -0.19
0.59 -0.32 -0.26
0.44 -0.43 0.06
0.33 -0.83 -0.37
-0.03 -0.81 -0.17
-0.29 -0.07 -0.26
-0.53 0.14 -0.39
-0.48 0.13 -0.13
-0.27 0.30 0.15
-0.41 0.37 0.34
-0.50 0.28 0.45
-0.45 0.09 0.33
-0.25 -0.07 0.24
-0.13 -0.08 0.18
-0.06 -0.08 -0.02
-0.10 0.01 -0.10
-0.18 0.04 -0.21
-0.26 0.10 -0.22
-0.03 0.24 -0.11
-0.07 0.38 0.35
-0.31 0.32 0.25
-0.23 -0.01 0.16
-0.23 -0.05 0.28
-0.18 -0.04 0.35
-0.12 0.13 -0.02
0.02 0.16 -0.14
-0.06 0.12 -0.25
0.06 0.19 -0.23
0.06 0.08 -0.23
0.08 0.02 -0.16
0.07 0.04 -0.11
-0.02 -0.05 -0.06
0.00 0.12 0.38
0.23 -0.14 -0.05
-0.05 -0.30 -0.12
0.18 -0.03 -0.01
0.23 0.01 0.01
0.09 -0.10 -0.02
0.06 -0.11 -0.03
0.05 -0.08 -0.03
0.02 -0.04 -0.01
0.02 -0.04 0.00
0.01 -0.05 0.02
-0.00 -0.06 0.03
-0.05 -0.03 0.02
-0.02 -0.01 0.03
-0.04 0.09 0.00
-0.02 0.03 -0.01
-0.03 0.01 -0.01
-0.04 0.01 0.02
-0.01 -0.00 0.05
0.01 -0.03 0.04
-0.01 -0.04 0.04
-0.01 -0.02 0.01
0.00 -0.01 0.02
-0.02 0.01 -0.01
-0.00 0.02 0.01
-0.00 0.03 -0.01
0.01 -0.01 -0.02
0.01 -0.02 0.01
0.03 -0.03 -0.01
0.00 -0.03 0.00
-0.00 -0.02 0.01
-0.04 0.01 -0.02
-0.00 0.02 0.00
-0.00 0.04 0.00
-0.00 0.03 -0.02
-0.01 0.03 -0.03
0.00 0.02 -0.02
0.00 -0.02 0.01
-0.00 -0.06 0.04
0.00 -0.05 0.03
-0.00 -0.02 0.00
-0.00 0.02 0.00
0.01 0.02 -0.01
0.01 0.02 -0.02
0.00 0.01 -0.02
0.01 0.00 -0.02
-0.00 -0.00 -0.04
0.00 -0.03 -0.00
-0.00 -0.01 0.01
-0.00 0.01 0.03
-0.02 0.00 0.02
0.00 0.02 0.01
0.00 0.01 -0.02
-0.00 0.00 -0.02
0.00 0.01 -0.01
0.01 -0.01 -0.01
0.00 -0.03 -0.00
-0.00 -0.01 0.02
-0.01 -0.01 0.01
0.00 -0.00 0.01
-0.00 0.02 0.00
-0.00 0.01 -0.00
0.00 0.03 -0.01
-0.00 0.01 -0.01
0.01 -0.01 -0.01
0.00 -0.01 0.00
-0.01 -0.02 0.01
-0.01 -0.03 0.03
0.00 0.00 0.02
0.00 -0.02 -0.01
0.01 0.01 -0.02
