-0.00 -0.01 0.02
-0.01 -0.01 0.02
0.00 -0.02 0.00
-0.00 -0.02 -0.01
0.01 0.01 -0.05
0.02 0.05 -0.06
0.01 0.05 -0.04
0.00 0.01 0.02
-0.01 -0.01 0.07
-0.02 -0.02 0.04
-0.01 -0.02 0.02
-0.02 -0.03 0.00
-0.01 -0.03 -0.01
-0.03 -0.03 0.01
-0.02 -0.04 0.03
-0.00 -0.04 0.03
-0.01 -0.03 -0.00
0.01 -0.03 -0.03
0.02 -0.01 -0.03
0.02 -0.01 0.01
0.01 -0.01 0.02
-0.01 -0.03 0.01
-0.02 -0.07 0.02
-0.10 -0.09 0.06
-0.03 -0.14 0.06
-0.04 -0.03 -0.05
-0.07 0.05 -0.11
-0.12 0.11 -0.13
-0.13 0.07 -0.02
-0.15 0.07 0.10
-0.15 0.07 0.09
-0.17 0.05 0.01
-0.18 0.09 -0.11
-0.08 0.19 -0.19
-0.01 0.14 -0.25
-0.03 -0.15 -0.35
0.09 0.02 -0.19
0.22 0.18 -0.09
0.32 0.23 -0.07
0.31 0.24 0.00
0.31 0.14 0.10
0.25 0.04 0.19
0.22 -0.05 0.21
0.20 -0.13 0.14
0.15 -0.03 0.15
0.11 -0.05 0.08
0.09 -0.09 0.02
0.08 -0.14 0.03
0.07 -0.13 0.06
0.05 -0.13 0.05
0.02 -0.13 -0.00
0.03 -0.09 -0.03
0.03 -0.09 0.02
0.02 -0.12 0.03
-0.02 -0.13 0.02
-0.09 -0.16 -0.00
-0.11 -0.17 -0.05
-0.14 -0.17 -0.07
-0.20 -0.16 -0.14
-0.18 -0.12 -0.10
-0.17 -0.13 -0.06
-0.18 -0.14 -0.04
-0.21 -0.15 -0.00
-0.22 -0.16 0.05
-0.18 -0.13 0.08
-0.13 -0.08 0.07
-0.09 0.00 0.09
-0.02 0.05 0.06
-0.33 0.07 -0.07
-0.12 0.08 -0.24
-0.03 0.14 -0.09
0.01 -0.01 0.12
-0.08 0.16 -0.06
-0.01 0.17 0.06
0.03 0.13 -0.13
0.00 0.31 -0.21
0.03 0.24 -0.14
-0.02 0.23 -0.16
0.08 0.13 0.10
0.13 0.23 0.30
-0.05 0.01 0.01
-0.01 0.03 0.07
-0.00 -0.00 -0.02
0.05 0.07 -0.02
0.12 0.18 -0.00
0.14 0.18 0.04
0.17 0.09 0.14
0.08 0.10 0.11
-0.01 -0.00 -0.01
-0.01 -0.10 0.02
-0.01 -0.07 0.02
-0.03 -0.07 0.02
-0.02 -0.08 0.00
0.02 -0.03 0.01
0.04 0.04 0.00
0.01 0.05 -0.02
-0.01 -0.02 -0.00
-0.00 -0.07 0.00
-0.02 -0.07 -0.01
-0.04 -0.09 -0.02
-0.02 -0.09 -0.00
-0.02 -0.05 -0.02
-0.02 -0.01 -0.00
-0.00 0.01 -0.03
0.02 0.02 0.01
0.02 0.01 -0.01
-0.01 0.00 -0.01
-0.02 -0.01 0.00
-0.02 -0.03 -0.00
-0.02 -0.04 -0.01
-0.01 -0.03 -0.01
-0.01 -0.00 -0.01
-0.00 0.00 0.00
0.03 0.01 0.00
0.02 0.02 -0.00
0.00 0.00 0.00
-0.00 0.00 -0.02
0.02 -0.00 0.00
-0.01 -0.04 0.03
-0.03 -0.04 -0.00
-0.04 -0.02 -0.01
-0.01 -0.02 0.01
0.01 -0.02 0.02
0.02 0.00 0.01
0.02 0.03 -0.00
0.03 0.05 0.01
0.04 0.03 0.01
0.00 0.01 -0.00
-0.03 -0.01 -0.02
-0.02 -0.05 -0.00
-0.02 -0.02 -0.01
-0.02 0.00 -0.02
-0.00 0.02 -0.03
0.01 0.02 -0.00
0.00 0.03 -0.01
0.00 0.01 -0.00
0.01 0.02 -0.02
-0.00 0.00 0.02
0.00 -0.04 0.01
-0.00 -0.06 0.03
-0.02 -0.04 0.00
-0.01 -0.00 0.00
0.01 0.03 -0.00
0.01 0.03 -0.01
0.00 0.02 -0.01
-0.01 -0.00 -0.00
-0.00 0.00 0.00
0.01 -0.02 -0.00
-0.01 0.00 -0.01
-0.00 -0.03 -0.00
