0.01 0.00 -0.00
0.01 0.00 -0.00
0.01 0.01 -0.00
-0.00 0.00 -0.01
-0.00 0.00 -0.01
-0.01 -0.00 0.00
0.01 -0.02 -0.01
0.01 -0.05 -0.03
0.02 -0.03 0.00
0.05 -0.04 -0.02
0.03 -0.03 -0.04
0.01 -0.01 -0.02
0.01 -0.01 -0.00
0.08 0.05 0.04
0.06 -0.04 -0.08
0.07 -0.03 -0.08
0.07 -0.10 -0.11
0.05 -0.13 -0.07
0.00 -0.12 0.00
-0.04 -0.07 0.04
-0.03 -0.02 0.02
-0.04 0.01 -0.01
-0.01 -0.00 -0.05
-0.00 -0.03 -0.02
-0.04 -0.07 0.04
-0.04 -0.06 0.08
-0.05 -0.03 0.14
-0.08 0.01 0.14
-0.14 0.06 0.16
-0.18 0.02 0.23
-0.15 0.02 0.20
-0.13 0.07 0.13
-0.12 0.07 0.18
-0.10 0.06 0.23
-0.11 0.09 0.24
-0.04 0.18 0.25
-0.02 0.18 0.11
-0.05 0.24 0.06
-0.06 0.28 -0.00
-0.05 0.19 -0.05
0.01 0.16 -0.02
0.03 0.11 -0.09
0.08 0.12 -0.08
0.10 0.10 -0.09
0.06 0.10 -0.06
0.01 0.08 -0.01
0.08 0.03 0.01
0.09 -0.08 0.00
0.17 -0.16 -0.01
0.22 -0.11 -0.08
0.21 -0.02 -0.09
0.17 0.03 -0.11
0.13 -0.16 -0.07
0.10 -0.02 -0.10
0.04 -0.04 -0.00
0.09 -0.09 0.02
0.21 -0.03 -0.05
0.14 -0.06 -0.10
0.03 0.01 -0.03
0.08 -0.03 0.01
0.16 -0.09 -0.06
0.15 -0.14 -0.09
0.07 -0.16 -0.09
0.04 -0.14 -0.04
0.10 -0.21 -0.01
0.14 -0.27 -0.08
0.20 -0.28 -0.21
0.12 -0.30 -0.23
-0.05 -0.15 -0.17
-0.19 0.02 -0.05
-0.24 0.11 0.06
-0.15 0.07 0.10
0.08 -0.04 -0.02
0.11 -0.16 -0.05
0.02 -0.18 -0.04
-0.01 -0.10 -0.06
0.01 -0.14 -0.02
-0.25 0.26 0.08
-0.36 0.12 0.13
-0.25 0.10 0.32
-1.65 1.47 0.70
-0.13 0.34 0.19
-0.18 -0.00 0.03
0.11 0.10 -0.08
0.00 0.03 -0.19
-0.04 -0.04 -0.06
-0.04 -0.10 -0.07
-0.06 -0.04 -0.06
-0.10 -0.13 -0.01
-0.08 -0.07 0.07
-0.08 -0.04 0.05
-0.07 0.00 -0.00
-0.03 0.03 0.04
-0.04 0.04 0.01
-0.08 0.09 0.05
-0.07 0.14 0.09
-0.05 0.04 0.00
0.40 0.52 0.27
-0.35 0.17 -0.00
0.02 0.14 0.19
-0.11 0.15 -0.07
-0.04 0.12 -0.06
-0.05 0.13 0.01
-0.12 -0.01 0.04
0.07 0.15 0.21
0.04 -0.02 -0.15
-0.01 0.02 -0.10
0.04 -0.02 -0.03
0.05 -0.03 -0.01
0.02 -0.03 -0.04
0.00 -0.00 -0.04
0.00 0.01 -0.02
-0.01 0.02 0.02
0.00 0.01 -0.00
-0.00 -0.02 -0.00
0.02 -0.03 -0.01
0.02 -0.04 -0.02
0.03 -0.04 -0.03
0.02 -0.06 -0.00
0.02 -0.04 -0.01
0.01 -0.02 0.00
0.00 -0.01 0.01
-0.00 -0.03 0.01
0.00 -0.01 0.00
-0.00 -0.00 -0.01
-0.00 0.00 -0.00
0.01 0.01 -0.01
0.00 -0.03 0.00
0.01 -0.03 0.00
0.01 -0.02 -0.02
0.01 -0.01 -0.01
0.00 0.00 0.00
-0.00 0.01 -0.03
-0.00 0.00 -0.01
0.00 0.01 -0.01
0.00 0.01 -0.02
0.01 0.00 -0.01
0.01 -0.02 -0.01
0.00 -0.02 -0.01
-0.01 -0.02 -0.00
0.01 -0.00 -0.00
-0.02 -0.04 -0.01
-0.01 -0.00 0.01
-0.00 -0.02 0.00
-0.00 -0.01 -0.01
-0.00 0.01 0.00
0.00 0.04 -0.00
-0.00 0.02 -0.00
-0.00 -0.02 0.00
0.00 -0.01 -0.01
