0.01 -0.00 0.01
0.00 0.01 -0.00
-0.01 0.01 -0.01
0.01 -0.00 -0.01
-0.01 0.00 0.02
0.00 -0.02 -0.02
-0.01 0.00 0.00
-0.01 0.00 0.02
-0.00 0.01 -0.01
-0.00 0.03 -0.00
0.00 0.01 -0.01
0.02 0.00 -0.01
0.02 -0.01 0.00
0.02 -0.01 0.00
0.02 -0.01 0.00
0.01 -0.00 -0.00
-0.01 -0.01 -0.02
-0.03 0.01 -0.03
-0.03 0.00 -0.03
-0.03 -0.01 -0.03
-0.03 -0.00 -0.01
-0.03 0.00 0.00
-0.01 -0.00 0.01
-0.01 -0.02 0.03
0.00 -0.03 0.03
-0.00 -0.01 0.02
-0.00 -0.01 0.01
-0.01 0.01 0.04
-0.01 0.00 0.03
-0.01 0.02 0.01
-0.01 0.02 -0.02
0.00 0.02 0.00
0.02 0.00 -0.00
0.03 -0.01 -0.02
0.02 -0.01 -0.03
0.01 0.00 -0.01
-0.00 0.00 -0.02
-0.01 0.00 -0.00
-0.04 -0.01 -0.01
-0.06 -0.00 0.00
-0.07 -0.01 0.01
-0.06 -0.01 0.02
-0.06 -0.02 0.03
-0.10 -0.04 0.07
-0.12 -0.03 0.05
-0.19 0.03 0.02
-0.21 0.07 0.01
-0.16 0.11 0.05
-0.12 0.10 0.08
-0.05 0.02 0.08
0.00 -0.02 0.07
0.02 -0.01 0.05
0.05 0.01 0.03
0.07 0.02 -0.01
0.09 -0.04 -0.09
0.15 -0.10 -0.16
0.19 -0.15 -0.13
0.21 -0.17 -0.10
0.20 -0.15 -0.06
0.17 -0.10 -0.08
0.12 -0.01 -0.12
0.15 -0.03 -0.06
0.20 -0.07 -0.00
0.16 -0.11 -0.08
0.14 -0.07 -0.07
0.07 -0.01 -0.04
0.03 0.00 0.00
-0.01 0.02 -0.02
-0.03 0.02 -0.00
-0.03 0.03 0.02
-0.02 0.02 0.06
0.01 0.01 0.04
0.05 -0.03 0.09
0.07 -0.09 0.10
0.06 -0.04 0.11
-0.00 0.01 0.09
-0.05 0.07 0.01
-0.06 0.09 -0.09
0.00 0.01 -0.13
0.09 -0.05 -0.08
0.14 -0.14 0.01
0.14 -0.18 -0.03
0.11 -0.15 -0.02
0.03 -0.10 -0.02
-0.07 -0.02 -0.05
-0.18 0.08 -0.13
-0.23 0.17 -0.12
-0.22 0.20 -0.11
-0.19 0.18 -0.07
-0.15 0.11 -0.06
-0.13 0.04 -0.08
-0.11 0.02 -0.05
-0.09 -0.01 -0.95
-0.32 0.44 0.11
-0.11 -0.18 -0.13
-0.03 -0.06 0.01
-0.10 0.05 -0.04
-0.13 0.07 -0.00
-0.09 0.04 0.01
-0.07 -0.03 0.15
-0.12 -0.05 0.20
-0.16 -0.05 0.14
-0.21 0.02 0.04
-0.23 0.10 -0.19
-0.14 0.10 -0.23
-0.00 -0.01 -0.02
0.11 -0.20 0.23
0.12 -0.09 0.35
0.05 -0.07 0.20
0.01 -0.05 -0.00
-0.04 0.01 -0.13
-0.09 0.08 -0.11
-0.04 0.05 -0.10
0.01 0.02 -0.04
0.05 -0.01 0.01
0.04 -0.05 0.01
0.10 -0.07 0.10
0.10 -0.04 0.12
0.10 0.02 0.05
0.29 -0.00 -0.46
-0.02 0.03 0.04
0.01 0.02 -0.06
0.07 0.07 -0.04
0.15 -0.08 0.07
0.12 -0.09 0.12
-0.03 0.02 0.10
-0.09 0.03 -0.03
-0.03 -0.01 -0.08
-0.03 0.05 -0.15
-0.00 -0.03 0.30
0.14 -0.20 0.21
0.00 -0.06 0.07
0.00 0.05 -0.13
0.11 -0.07 -0.39
0.18 -0.09 -0.54
0.17 -0.08 -0.29
0.18 0.09 -0.04
0.12 0.00 -0.04
0.08 -0.07 -0.18
0.07 -0.09 -0.10
0.25 0.24 -0.51
0.44 -0.02 -0.74
0.13 -0.68 -1.60
-0.15 -0.11 0.03
-0.21 0.16 1.67
-0.21 0.29 1.56
-0.36 0.17 0.74
-0.30 0.21 -0.09
-0.16 0.30 -0.14
-0.03 0.11 -0.10
