-0.02 0.03 0.04
0.00 0.00 0.07
-0.02 -0.01 0.06
-0.03 -0.00 0.03
-0.05 0.01 0.01
0.02 -0.04 -0.01
0.03 -0.04 -0.03
0.01 0.00 -0.00
0.00 -0.00 -0.05
-0.00 -0.03 -0.05
-0.01 -0.03 -0.02
-0.01 -0.03 -0.04
0.00 -0.03 -0.01
0.01 -0.03 0.01
0.00 -0.03 0.04
-0.00 -0.02 0.06
0.00 -0.01 0.05
0.00 0.01 0.03
0.01 0.01 0.02
0.00 0.02 0.05
0.00 0.02 -0.05
0.00 0.01 -0.12
0.00 0.01 -0.11
0.03 -0.01 -0.04
0.04 -0.04 -0.01
0.05 -0.06 -0.02
0.04 -0.06 -0.04
0.00 -0.03 0.01
-0.02 0.04 0.01
-0.03 0.07 0.06
-0.03 0.06 0.01
-0.01 0.02 -0.05
-0.01 -0.00 -0.04
0.01 -0.02 -0.04
0.02 -0.02 -0.00
0.03 -0.03 -0.01
0.05 -0.05 0.00
0.08 -0.04 0.04
0.08 -0.03 0.04
0.05 -0.00 0.01
0.01 0.03 -0.04
-0.01 0.04 -0.06
-0.00 0.02 -0.11
0.02 0.05 -0.08
0.12 -0.04 -0.06
0.17 -0.08 0.00
0.16 -0.09 -0.01
0.13 -0.08 0.03
0.04 -0.02 0.00
0.02 0.01 -0.03
-0.02 0.06 -0.03
0.01 0.04 -0.01
0.00 0.02 0.06
0.05 -0.03 0.04
0.05 -0.06 0.01
0.06 -0.06 0.06
0.04 -0.07 0.05
-0.02 -0.01 -0.01
-0.08 0.04 -0.08
-0.07 0.05 -0.13
-0.04 0.01 -0.03
-0.02 -0.02 0.05
-0.03 -0.04 0.08
-0.06 -0.02 0.07
-0.11 0.05 0.04
-0.13 0.10 -0.06
-0.13 0.13 -0.14
-0.09 0.11 -0.09
-0.04 0.02 -0.04
0.01 -0.05 0.02
0.06 -0.09 0.04
0.07 -0.11 0.05
0.05 -0.08 0.03
0.00 -0.03 -0.00
0.47 -0.14 0.09
-0.15 -0.23 -0.26
-0.08 0.02 -0.03
0.03 -0.06 -0.09
-0.05 0.02 0.01
-0.08 0.04 -0.06
-0.07 0.04 -0.05
-0.07 0.03 0.01
-0.12 0.03 0.02
-0.12 0.08 -0.03
-0.18 0.16 -0.01
0.15 0.26 -0.10
-0.20 -0.07 0.08
-0.01 -0.05 0.19
-0.11 -0.18 0.14
-0.27 0.11 -0.13
-0.19 0.24 -0.15
-0.18 0.24 -0.15
0.11 -0.07 -0.06
0.15 -0.20 0.20
0.20 -0.27 0.28
0.12 -0.45 0.22
0.17 -0.20 0.16
0.13 -0.11 0.04
0.08 -0.13 0.00
0.05 -0.08 -0.02
0.01 -0.00 0.03
-0.01 -0.02 0.02
-0.06 0.04 0.00
-0.05 0.04 -0.08
-0.04 0.03 -0.19
-0.03 0.03 -0.10
-0.03 -0.01 0.07
-0.09 -0.03 -0.00
-0.01 0.05 -0.06
0.04 0.04 0.02
0.04 0.02 0.00
0.05 -0.05 -0.19
0.07 -0.01 -0.15
0.12 0.03 -0.02
0.12 -0.04 -0.04
0.17 -0.09 -0.09
0.07 0.23 -0.70
0.06 0.00 -0.51
0.15 -0.13 0.51
-0.01 -0.05 0.61
-0.02 -0.13 0.04
-0.08 0.06 0.16
-0.08 0.08 0.14
-0.08 0.10 -0.02
-0.04 0.05 0.06
0.02 0.09 0.23
0.04 -0.08 0.16
0.02 -0.09 0.05
0.02 -0.08 0.01
0.02 -0.03 -0.18
0.03 0.04 -0.18
0.01 0.07 -0.02
0.05 0.06 0.01
0.05 -0.01 -0.08
0.01 -0.00 -0.01
0.01 -0.00 0.03
0.01 -0.02 -0.04
-0.00 -0.01 -0.03
-0.03 -0.01 -0.00
-0.03 -0.00 0.02
-0.03 0.00 0.09
-0.02 -0.03 0.11
-0.02 -0.03 0.08
-0.02 -0.02 0.05
-0.03 0.01 0.03
-0.05 0.02 -0.01
-0.05 0.04 -0.08
-0.05 0.04 -0.07
-0.03 0.02 -0.00
-0.01 0.00 -0.01
