0.00 -0.00 0.03
0.01 -0.01 0.00
0.00 -0.01 0.03
0.00 -0.01 -0.00
0.00 -0.00 -0.03
-0.00 0.00 -0.01
-0.01 0.01 -0.02
0.00 0.02 -0.00
-0.00 0.00 0.01
-0.00 0.01 0.04
-0.00 0.01 0.05
-0.01 0.00 0.01
-0.00 -0.00 -0.01
0.00 0.00 -0.02
-0.00 -0.01 -0.01
0.00 -0.01 -0.02
0.01 0.01 -0.01
0.01 0.01 -0.02
0.01 0.02 -0.02
0.02 0.02 -0.03
0.04 0.04 -0.02
0.03 0.07 -0.05
0.02 0.13 -0.08
0.02 0.16 -0.10
0.05 0.15 -0.06
0.06 0.06 -0.06
0.05 -0.01 -0.06
-0.01 -0.04 -0.07
-0.04 -0.03 -0.03
-0.07 -0.02 0.04
-0.08 -0.04 0.05
-0.07 -0.07 0.16
-0.03 -0.09 0.18
-0.01 -0.09 0.22
0.00 -0.09 0.22
0.03 -0.12 0.18
0.03 -0.14 0.16
-0.01 -0.11 0.08
-0.04 -0.06 -0.02
-0.12 0.03 -0.05
-0.24 -0.01 -0.20
-0.14 0.17 -0.02
-0.05 0.13 -0.06
0.00 0.03 0.06
-0.01 0.02 0.06
-0.05 0.02 0.01
-0.06 0.03 0.01
-0.07 0.02 0.05
-0.11 0.06 0.06
-0.12 0.06 0.02
-0.11 0.07 -0.03
-0.08 0.09 -0.01
-0.04 0.02 -0.03
0.03 -0.06 -0.01
0.07 -0.12 0.02
0.08 -0.14 0.04
0.09 -0.13 0.02
0.10 -0.15 0.03
0.09 -0.12 0.01
0.07 -0.10 0.04
0.07 -0.09 0.03
0.07 -0.10 0.01
0.06 -0.06 0.02
0.06 -0.03 0.03
0.05 -0.03 0.05
0.03 -0.02 0.01
0.00 0.01 -0.05
-0.02 0.03 -0.09
0.00 0.00 -0.11
0.02 0.02 -0.04
0.06 -0.03 0.05
0.06 -0.04 0.05
0.06 -0.04 0.01
0.04 -0.03 -0.00
0.01 0.01 -0.02
-0.01 0.03 0.01
-0.02 0.04 0.03
-0.02 0.05 0.01
-0.02 0.03 -0.05
-0.02 0.01 -0.03
0.02 -0.03 -0.01
0.03 -0.02 -0.01
-0.03 -0.04 0.05
0.02 0.00 -0.16
-0.01 0.04 0.01
0.03 0.00 -0.01
0.02 0.00 -0.00
0.02 0.00 -0.04
0.04 0.03 -0.03
0.07 0.04 0.00
0.08 0.01 -0.05
0.06 -0.01 -0.08
0.07 -0.05 -0.06
0.02 -0.03 -0.04
0.00 0.02 -0.09
0.03 0.07 -0.11
0.05 0.06 -0.03
0.06 0.04 0.01
0.05 0.02 0.07
-0.03 0.03 0.01
-0.07 0.07 -0.12
-0.08 0.12 -0.12
-0.02 0.10 -0.07
0.04 0.06 -0.02
0.06 -0.01 -0.00
0.05 -0.03 0.04
0.00 -0.03 0.06
-0.04 0.00 -0.03
-0.06 0.05 -0.07
-0.04 0.05 -0.04
0.00 0.02 -0.02
0.04 -0.04 -0.00
0.04 -0.08 -0.01
0.03 0.18 -0.79
-0.33 0.16 -0.35
-0.20 0.07 0.08
0.00 0.21 0.08
-0.07 0.06 0.01
-0.05 0.03 -0.05
0.02 -0.04 -0.04
-0.02 -0.04 -0.03
-0.02 -0.05 0.05
-0.06 -0.05 0.08
-0.04 -0.01 0.09
-0.04 -0.02 0.05
-0.03 -0.15 0.07
-0.34 0.07 -0.28
0.03 -0.03 0.17
0.04 -0.03 0.06
-0.05 -0.03 -0.09
-0.05 -0.01 0.01
-0.04 -0.01 0.03
-0.04 0.01 0.05
-0.03 -0.01 0.07
0.12 0.06 0.05
-0.01 -0.08 0.06
0.01 0.02 -0.01
-0.12 0.07 -0.10
0.13 -0.01 -0.02
-0.02 -0.00 -0.02
-0.01 -0.01 0.01
0.02 -0.04 0.00
0.04 -0.05 0.03
0.31 0.05 -0.02
0.04 -0.05 0.04
-0.14 0.04 0.20
0.04 -0.05 -0.01
0.04 -0.02 -0.01
0.04 0.01 0.01
0.03 -0.01 0.00
