0.00 0.01 0.00
-0.00 -0.00 0.00
-0.01 0.00 0.01
-0.00 0.00 0.01
-0.01 -0.00 0.00
-0.02 0.01 0.03
-0.02 0.03 0.04
-0.02 0.02 0.00
0.00 0.00 0.02
0.01 -0.03 0.02
0.01 -0.03 -0.02
-0.00 -0.01 -0.00
-0.01 0.01 -0.02
0.01 -0.00 0.00
-0.01 -0.02 0.01
-0.02 -0.00 -0.00
-0.01 0.04 -0.03
0.00 0.04 -0.01
0.01 0.01 0.00
0.03 -0.00 0.01
0.01 -0.01 -0.01
0.02 -0.00 0.00
-0.00 0.00 0.00
0.00 0.00 -0.01
0.00 0.00 -0.01
-0.01 0.01 -0.03
0.01 0.00 -0.04
0.02 -0.01 -0.00
0.01 0.01 -0.01
0.01 0.05 -0.02
-0.01 0.06 -0.03
0.01 0.07 -0.02
0.03 0.05 -0.04
0.05 0.05 -0.07
0.04 0.07 -0.04
0.03 0.03 -0.07
0.02 -0.01 -0.09
0.01 -0.03 -0.10
-0.00 -0.04 -0.06
-0.01 -0.04 0.05
-0.01 -0.07 0.12
-0.01 -0.07 0.14
-0.03 -0.05 0.15
-0.04 -0.02 0.17
-0.05 0.00 0.10
-0.03 -0.02 0.07
-0.02 -0.03 0.08
-0.03 -0.02 0.09
-0.05 0.03 0.11
-0.07 0.08 0.06
-0.06 0.08 -0.02
-0.04 0.04 -0.12
-0.03 0.02 -0.13
0.01 -0.02 -0.07
0.01 -0.05 -0.04
-0.02 -0.00 -0.00
-0.07 0.08 0.01
-0.06 0.10 0.04
-0.05 0.08 0.06
-0.03 0.05 0.05
0.02 -0.03 0.08
0.04 -0.08 0.07
0.03 -0.08 0.05
0.03 -0.04 0.01
0.03 -0.05 -0.02
0.01 -0.05 -0.04
0.02 -0.05 -0.02
0.03 -0.08 0.02
0.01 -0.07 0.03
-0.00 -0.05 -0.02
-0.03 -0.01 -0.03
-0.04 0.01 0.02
-0.03 0.01 0.00
0.00 -0.03 0.01
0.05 -0.09 0.06
0.01 -0.04 0.09
-0.01 -0.04 0.02
-0.02 -0.01 -0.03
0.00 -0.02 -0.01
0.01 -0.02 -0.02
0.02 -0.03 -0.02
0.02 -0.03 -0.02
0.03 -0.05 0.01
0.02 -0.04 0.01
0.01 -0.01 -0.01
0.03 -0.01 -0.00
0.05 -0.03 0.05
0.05 -0.02 0.08
-0.00 0.00 0.01
-0.02 0.04 -0.06
-0.01 0.03 -0.09
-0.00 0.04 -0.13
0.04 -0.02 -0.11
0.06 -0.03 -0.06
0.08 -0.07 -0.05
0.06 -0.05 0.03
0.02 -0.05 0.05
-0.02 0.02 0.03
-0.03 0.11 0.03
-0.04 0.12 0.01
-0.01 0.09 -0.00
0.01 0.09 0.05
0.04 0.01 0.04
0.04 -0.03 -0.05
0.04 -0.04 -0.08
0.03 -0.05 -0.08
0.05 -0.03 -0.01
0.09 -0.02 0.01
0.10 -0.02 -0.00
0.08 -0.02 0.02
0.01 0.02 -0.07
-0.03 0.04 -0.07
-0.04 0.06 -0.10
0.00 0.03 -0.07
0.04 0.07 -0.08
0.08 0.02 -0.01
0.10 -0.03 0.02
0.08 -0.06 0.04
0.05 -0.05 0.02
-0.02 -0.01 0.03
-0.08 0.04 -0.01
-0.08 0.06 -0.01
-0.07 0.08 -0.02
-0.02 0.06 -0.05
0.04 0.02 0.02
0.07 -0.08 0.02
0.05 -0.09 0.03
0.00 -0.05 0.03
-0.07 0.02 -0.03
-0.12 0.13 -0.04
-0.14 0.17 -0.01
-0.10 0.16 -0.05
-1.08 0.25 0.87
-0.25 -0.11 -0.33
0.06 -0.06 0.05
0.12 -0.12 0.17
0.03 -0.05 -0.05
-0.06 -0.01 -0.08
-0.04 0.05 -0.01
-0.10 0.08 -0.06
-0.05 0.08 -0.03
-0.04 0.01 0.05
-0.01 -0.04 0.03
0.01 -0.07 0.01
-0.03 -0.05 0.06
-0.06 -0.04 0.04
-0.05 -0.01 -0.05
1.73 0.22 -0.61
0.00 -0.34 0.27
0.08 -0.02 0.06
