0.01 -0.02 -0.01
0.01 -0.02 0.04
0.00 -0.00 0.04
0.01 0.00 0.01
0.00 -0.02 0.01
-0.00 0.01 -0.01
0.01 -0.01 -0.01
0.04 -0.03 -0.01
0.07 -0.05 -0.00
0.06 -0.04 0.01
0.03 -0.01 0.01
0.00 0.02 0.01
-0.02 -0.00 0.01
-0.00 -0.03 0.00
0.01 -0.01 0.00
0.03 -0.03 -0.01
0.03 -0.03 -0.02
0.01 -0.03 -0.02
0.04 -0.01 -0.00
0.01 0.00 -0.03
-0.08 0.03 -0.08
-0.12 0.04 -0.07
-0.13 0.05 -0.01
-0.16 0.08 0.01
-0.21 0.06 -0.04
-0.25 0.20 0.00
-0.64 0.38 -0.09
-0.63 0.35 -0.13
-0.80 0.42 -0.19
-0.81 0.50 -0.05
-0.33 0.50 0.28
0.00 0.28 0.43
0.16 0.17 0.47
0.33 0.02 0.41
0.59 -0.01 0.34
0.75 -0.01 0.23
0.85 0.00 0.17
0.85 -0.01 0.04
0.85 -0.05 -0.04
0.94 -0.17 -0.11
0.86 -0.29 -0.21
0.66 -0.35 -0.35
0.33 -0.38 -0.41
0.05 -0.33 -0.26
0.11 -0.31 -0.13
0.06 -0.23 -0.08
0.11 -0.20 -0.09
-0.01 -0.15 -0.05
-0.12 -0.10 -0.07
-0.06 -0.04 -0.05
-0.14 -0.03 -0.04
-0.22 0.04 0.05
-0.25 0.06 0.14
-0.25 0.08 0.21
-0.20 0.10 0.25
-0.14 0.06 0.21
-0.23 0.13 0.19
-0.21 0.13 0.13
-0.21 0.13 0.07
-0.18 0.14 -0.02
-0.13 0.11 -0.16
-0.15 0.17 -0.11
-0.36 0.09 0.06
-0.35 0.06 -0.12
-0.44 0.06 -0.09
-0.72 0.12 -0.12
-0.66 0.03 -0.20
-0.44 -0.03 -0.06
-0.07 -0.03 -0.06
0.02 -0.07 -0.01
0.10 -0.09 -0.07
0.02 -0.08 -0.06
-0.15 0.00 -0.08
-0.71 -0.50 -0.01
-0.26 0.80 0.66
-0.06 -0.16 -0.45
0.07 0.02 -0.26
0.17 0.12 -0.01
0.20 0.00 -0.05
0.28 0.06 0.22
0.33 -0.06 0.30
0.27 -0.15 0.38
0.26 -0.16 0.37
0.23 -0.13 0.31
0.25 -0.08 0.30
0.21 0.01 0.26
0.41 0.05 0.33
0.50 -0.19 0.24
0.19 -0.38 -0.12
0.75 -0.12 0.04
0.26 -0.13 -0.20
0.19 0.09 -0.29
-0.03 0.17 -0.12
-0.24 0.05 -0.32
-0.22 0.04 -0.28
-0.09 -0.03 -0.19
-0.09 -0.07 -0.20
-0.04 -0.02 -0.19
-0.18 -0.01 -0.12
-0.20 0.00 -0.03
-0.16 0.05 0.03
-0.13 0.01 0.11
-0.10 -0.00 0.16
-0.11 -0.00 0.16
-0.08 -0.00 0.07
-0.03 0.01 -0.04
-0.04 0.01 -0.04
-0.00 0.01 -0.04
0.01 0.01 -0.01
0.00 0.01 -0.00
-0.02 0.02 0.03
-0.05 -0.00 0.04
-0.09 0.01 0.04
-0.04 0.01 0.01
-0.04 0.01 -0.03
-0.03 0.02 -0.05
-0.02 -0.00 -0.05
-0.01 0.00 -0.06
-0.02 0.01 -0.05
-0.04 0.00 -0.02
-0.04 0.00 0.04
-0.05 0.01 0.06
-0.03 0.00 0.03
-0.01 -0.02 0.00
-0.02 -0.02 -0.01
-0.01 -0.02 -0.04
0.00 -0.02 -0.03
0.01 -0.02 0.00
0.02 -0.03 0.04
0.01 -0.02 0.03
-0.01 -0.01 0.05
-0.01 0.00 0.04
0.00 -0.00 -0.02
0.01 0.00 -0.03
0.01 0.00 -0.01
0.00 0.00 -0.02
0.00 0.00 -0.03
0.03 0.01 0.00
-0.00 0.01 0.02
0.00 0.01 0.04
0.00 0.01 0.03
-0.01 0.01 -0.03
-0.00 0.01 -0.06
-0.01 0.00 -0.06
0.00 0.01 -0.06
0.03 0.01 -0.05
0.03 -0.00 -0.01
0.03 -0.00 0.04
0.02 0.00 0.04
0.01 0.00 0.02
