0.00 -0.01 -0.00
-0.00 -0.00 -0.00
-0.00 -0.00 -0.00
-0.01 -0.00 0.00
-0.01 0.01 0.00
-0.01 0.01 -0.01
-0.00 0.01 -0.00
-0.01 0.02 0.00
-0.00 0.01 -0.00
-0.00 0.00 -0.01
-0.00 0.01 0.00
0.00 0.01 -0.02
0.04 -0.01 -0.00
0.10 -0.02 -0.02
0.14 -0.00 -0.07
0.20 -0.03 -0.16
0.21 -0.03 -0.22
0.31 0.04 -0.18
0.14 -0.12 -0.17
0.08 -0.62 0.06
-0.08 -0.00 -0.04
-0.04 -0.26 0.16
-0.10 -0.17 0.24
-0.72 -0.11 0.27
-2.00 -0.87 -0.58
-0.25 -0.33 0.27
-0.32 0.04 0.21
-0.19 0.09 0.19
-0.09 0.10 0.25
-0.15 0.19 0.20
-0.05 0.19 0.10
-0.10 0.06 0.01
-0.02 0.13 0.12
0.02 0.04 -0.06
0.06 0.02 -0.09
0.06 0.13 -0.06
0.06 0.19 -0.01
0.05 0.17 0.01
0.00 0.15 0.01
-0.06 0.10 -0.00
-0.06 0.01 0.04
-0.03 -0.05 0.04
-0.02 -0.07 0.05
0.03 -0.02 -0.02
0.09 0.10 -0.02
0.09 0.25 -0.12
0.02 0.26 -0.12
-0.01 0.14 -0.08
0.02 0.04 -0.05
0.05 -0.08 0.03
0.06 -0.16 0.08
0.13 -0.18 0.04
0.17 -0.10 -0.09
0.15 0.01 -0.14
0.15 0.02 -0.09
0.13 -0.01 -0.06
0.23 -0.03 -0.07
0.08 -0.04 -0.04
0.16 0.04 -0.13
0.10 0.09 -0.15
0.11 0.07 -0.10
0.09 -0.03 -0.08
0.09 -0.16 -0.07
0.06 -0.20 -0.10
-0.01 -0.14 -0.03
-0.06 -0.07 0.03
-0.06 0.03 0.07
0.06 0.03 -0.02
0.18 -0.15 -0.19
0.15 -0.22 -0.22
0.11 -0.23 -0.19
0.04 -0.13 -0.16
-0.06 0.00 -0.04
-0.10 0.08 0.02
-0.06 0.05 0.13
0.04 0.01 0.11
0.31 -0.16 -0.33
0.36 -0.42 -0.62
0.08 -0.32 -0.20
-0.08 -0.03 0.13
-0.27 0.17 0.39
-0.30 0.24 0.20
0.23 0.14 0.12
-0.08 -0.03 0.23
-0.37 -0.12 0.27
-0.04 -0.02 0.27
0.04 0.02 -0.13
-0.00 0.03 -0.27
-0.02 0.08 -0.19
-0.05 0.11 -0.10
-0.07 0.06 -0.09
-0.08 0.06 -0.06
-0.05 0.04 0.04
-0.02 0.01 0.05
-0.03 0.00 0.05
-0.08 -0.02 0.09
-0.15 -0.10 0.13
-0.12 -0.16 0.09
-0.06 -0.09 -0.01
-0.02 -0.00 -0.03
-0.08 0.01 0.12
-0.02 -0.01 0.16
0.32 0.46 0.06
-0.11 -0.05 0.21
0.03 0.14 0.24
-0.11 0.19 0.03
-0.05 0.11 -0.03
-0.01 0.05 -0.04
0.04 0.09 -0.03
0.02 0.03 0.02
-0.00 -0.05 0.11
0.08 -0.03 0.05
0.07 0.07 -0.06
0.05 0.09 -0.08
0.06 0.07 -0.09
0.04 0.02 -0.09
0.04 -0.03 -0.05
0.03 -0.05 -0.03
0.02 -0.05 -0.01
0.02 -0.04 -0.03
0.01 -0.03 -0.04
0.04 -0.01 -0.04
0.03 -0.03 -0.03
0.01 -0.04 -0.00
-0.02 -0.01 -0.00
-0.01 -0.01 0.01
-0.01 0.00 -0.01
-0.02 -0.03 0.01
-0.02 -0.03 -0.02
0.02 -0.04 -0.04
0.02 -0.04 -0.04
0.01 -0.05 -0.03
-0.02 -0.05 0.02
-0.01 0.01 0.00
-0.01 0.01 0.01
-0.02 0.02 0.02
-0.02 0.02 0.03
-0.01 0.02 0.01
0.00 -0.02 0.02
0.00 -0.03 -0.01
0.01 -0.02 -0.03
0.00 0.00 -0.02
0.00 0.01 -0.00
-0.02 0.00 0.01
-0.01 0.02 0.02
-0.01 0.03 0.02
-0.01 0.00 0.01
-0.00 -0.01 -0.01
0.01 -0.00 -0.01
0.01 0.01 -0.02
