0.00 -0.02 0.00
0.01 -0.01 -0.01
0.02 -0.00 -0.03
0.03 -0.03 -0.02
0.05 -0.06 -0.08
0.06 -0.07 -0.08
0.02 -0.08 -0.01
-0.00 -0.04 0.03
-0.05 -0.02 0.06
-0.04 0.04 0.00
-0.02 0.01 -0.06
0.16 -0.01 -0.17
-0.00 -0.10 -0.04
0.06 -0.12 -0.01
-0.03 -0.06 0.10
-0.07 0.03 0.17
-0.06 0.07 0.07
-0.00 0.08 0.01
0.01 0.09 -0.01
-0.03 0.07 0.00
-0.04 0.09 0.03
-0.07 0.12 0.02
-0.06 0.16 0.03
-0.00 0.12 0.04
-0.01 0.15 -0.02
-0.04 0.18 -0.03
-0.04 0.24 0.02
-0.08 0.30 0.04
-0.12 0.33 0.08
-0.14 0.30 0.11
-0.17 0.26 0.12
-0.18 0.20 0.22
-0.15 0.14 0.26
-0.09 -0.02 0.36
0.13 -0.15 0.31
0.19 -0.47 0.36
0.33 -0.68 0.32
0.34 -0.86 0.17
0.37 -0.79 -0.05
0.41 -0.68 -0.23
0.35 -0.59 -0.37
0.11 -0.06 -0.06
-0.01 0.12 0.02
-0.13 0.19 -0.02
-0.09 0.29 0.02
0.07 0.30 -0.02
0.22 0.19 -0.09
0.33 0.15 -0.21
0.36 0.09 -0.32
0.24 0.04 -0.29
0.09 0.04 -0.18
0.03 -0.04 -0.08
0.14 -0.13 -0.19
0.22 -0.23 -0.32
0.16 -0.20 -0.35
-0.02 -0.12 -0.17
-0.13 0.11 -0.04
-0.20 0.13 0.09
-0.15 0.11 0.06
-0.09 0.21 0.06
-0.17 0.24 0.06
-0.16 0.19 0.13
-0.13 0.12 0.04
-0.16 0.08 0.06
-0.17 0.12 0.01
-0.11 0.12 0.04
-0.12 0.02 0.03
-0.07 0.04 0.07
-0.09 0.04 0.00
-0.06 0.14 0.00
-0.05 0.17 -0.04
-0.05 0.15 -0.05
-0.05 0.12 -0.06
-0.05 0.08 -0.04
-0.06 0.07 -0.09
-0.07 0.05 -0.04
-0.06 0.01 0.01
-0.09 -0.04 0.03
-0.08 -0.02 0.05
-0.10 0.01 0.04
-0.09 0.07 0.03
-0.09 0.12 0.04
-0.09 0.12 0.04
-0.05 0.10 0.03
-0.04 0.07 -0.01
-0.08 0.07 0.00
-0.10 0.09 0.06
-0.08 0.05 0.15
-0.11 -0.10 0.29
-0.09 -0.23 0.33
-0.04 -0.23 0.30
-0.06 -0.17 0.12
-0.02 -0.05 0.00
-0.00 0.02 -0.04
0.05 -0.00 -0.02
0.10 -0.05 0.04
0.05 -0.17 0.24
0.04 -0.39 0.26
0.08 -0.46 0.13
0.66 -0.54 -0.54
-0.03 -0.24 -0.15
0.00 -0.03 -0.16
-0.00 -0.04 -0.10
0.13 -0.04 -0.11
0.19 -0.09 -0.01
0.19 -0.08 -0.04
0.19 -0.09 -0.11
0.14 -0.05 -0.14
0.08 0.05 -0.11
0.04 0.11 -0.09
0.08 0.07 -0.03
0.18 -0.04 -0.14
0.22 -0.08 -0.32
0.30 0.03 -0.33
0.15 -0.01 -0.24
-0.08 0.17 -0.02
-0.19 0.21 0.12
-0.09 0.29 0.07
0.10 0.05 -0.21
0.09 -0.00 -0.24
-0.08 0.06 0.01
-0.10 0.11 0.03
-0.10 0.11 0.00
-0.10 0.00 -0.05
-0.13 -0.06 -0.00
-0.08 -0.04 -0.00
-0.01 -0.04 -0.06
-0.04 -0.03 -0.06
-0.08 -0.01 -0.01
-0.51 -0.22 0.11
0.05 0.11 0.06
-0.20 0.12 0.12
-0.10 0.01 0.09
-0.08 0.03 0.07
-0.06 -0.03 0.06
-0.02 -0.02 -0.03
-0.06 -0.02 -0.03
-0.08 0.00 -0.00
-0.05 -0.01 0.05
-0.04 -0.03 0.07
-0.01 -0.03 0.04
-0.01 -0.03 0.03
-0.00 -0.02 0.01
-0.01 0.01 -0.00
-0.04 0.02 -0.02
-0.01 -0.01 -0.02
-0.04 -0.02 0.00
-0.01 -0.03 0.01
0.01 -0.02 0.04
0.04 -0.02 0.01
