-0.01 -0.04 0.04
-0.00 -0.03 0.04
0.00 -0.01 -0.01
0.00 0.00 -0.03
0.01 0.01 -0.01
0.02 0.05 0.04
-0.00 0.02 0.03
-0.02 -0.01 0.02
-0.01 -0.04 0.02
-0.02 -0.08 -0.00
-0.01 -0.05 0.00
0.00 0.00 -0.06
0.00 0.04 -0.08
0.01 0.08 -0.02
0.01 0.07 -0.01
0.00 0.04 -0.02
-0.00 0.01 0.02
0.00 0.00 0.01
0.00 -0.03 -0.01
-0.01 -0.04 -0.01
0.00 -0.02 -0.00
0.01 -0.01 -0.00
0.00 -0.01 0.04
0.00 -0.04 0.03
-0.00 -0.03 0.02
-0.02 -0.02 0.05
-0.00 -0.01 0.05
-0.01 -0.00 0.01
-0.01 -0.01 0.01
0.00 0.00 -0.00
0.00 0.00 -0.02
0.00 -0.01 -0.01
0.00 -0.03 0.01
-0.00 -0.00 0.01
0.00 0.02 0.01
-0.00 0.04 0.00
-0.00 0.04 -0.02
0.00 0.02 -0.04
0.01 -0.01 -0.02
-0.01 -0.03 -0.02
-0.01 -0.03 -0.04
0.01 0.02 -0.01
0.00 0.03 -0.05
0.01 0.04 -0.02
0.01 0.05 -0.05
0.01 0.05 -0.04
0.00 0.03 -0.02
-0.01 -0.01 0.03
-0.01 -0.01 0.04
-0.00 0.01 0.05
0.00 0.01 -0.00
-0.01 0.03 -0.06
0.01 0.04 -0.05
0.00 0.03 -0.06
-0.01 -0.00 -0.02
-0.01 -0.02 0.04
-0.01 -0.02 0.03
0.00 0.02 0.02
0.02 0.04 -0.00
0.03 0.05 -0.03
0.02 0.05 -0.05
0.02 0.03 -0.05
-0.01 -0.02 -0.04
-0.01 -0.03 -0.00
0.01 0.00 0.01
0.01 0.02 -0.03
0.02 0.05 0.00
0.03 0.06 0.03
0.04 0.06 -0.01
0.04 0.05 -0.02
0.03 0.03 -0.04
0.02 0.02 -0.03
0.03 0.03 0.00
0.02 0.02 0.00
0.01 0.02 0.01
0.01 0.01 0.01
0.02 0.01 0.01
-0.00 -0.00 0.03
-0.01 -0.03 0.02
-0.02 -0.07 0.01
-0.03 -0.08 0.01
-0.01 -0.07 0.03
0.01 -0.03 0.03
0.03 0.02 0.00
0.03 0.02 0.00
0.03 -0.00 -0.00
0.03 -0.01 0.01
0.00 -0.04 0.02
0.01 -0.06 0.04
0.00 -0.04 0.02
-0.02 -0.01 -0.02
-0.02 0.01 -0.03
-0.01 0.02 -0.06
0.01 0.03 -0.07
0.04 0.01 -0.04
0.01 -0.02 -0.05
-0.01 -0.06 -0.01
-0.05 -0.06 0.00
-0.03 -0.03 -0.02
-0.09 0.08 -0.18
0.19 -0.08 -0.01
-0.07 0.09 -0.01
0.04 0.01 -0.08
-0.10 -0.08 -0.04
-0.05 -0.16 -0.00
-0.00 -0.08 0.05
-0.01 -0.02 0.02
0.03 0.07 -0.06
0.02 -0.02 0.00
0.08 -0.00 0.01
-0.01 -0.00 -0.09
-0.12 -0.16 -0.06
-0.10 -0.16 0.08
-0.03 -0.11 0.12
0.02 0.02 0.08
0.07 0.07 0.01
0.07 0.05 0.03
0.07 0.05 0.00
0.03 0.02 -0.01
-0.04 -0.05 0.00
-0.03 -0.09 0.07
-0.01 -0.07 0.03
0.03 -0.03 -0.02
0.03 0.03 -0.04
0.02 0.02 -0.05
-0.01 -0.01 -0.05
-0.18 -0.11 -0.30
0.09 -0.32 0.52
-0.21 0.10 0.04
-0.02 -0.13 -0.03
0.03 -0.02 0.02
-0.00 0.04 -0.08
-0.05 0.00 -0.04
-0.04 -0.01 -0.02
-0.06 -0.05 0.01
-0.08 -0.07 0.04
-0.04 -0.05 0.05
-0.01 -0.02 0.06
0.01 0.01 -0.04
0.01 0.02 -0.06
0.04 0.05 -0.02
0.05 0.05 -0.04
0.04 0.04 -0.02
0.06 0.03 -0.01
0.05 0.04 0.02
0.05 -0.00 -0.03
0.05 0.07 0.05
0.02 0.07 0.08
0.05 0.05 0.00
0.03 0.03 -0.02
