-0.00 0.01 0.00
0.00 0.00 0.00
0.00 -0.01 -0.00
0.01 -0.01 -0.00
-0.01 -0.02 0.00
-0.00 -0.01 0.01
-0.01 -0.00 0.03
-0.01 0.00 0.00
0.00 0.01 0.00
0.01 0.00 -0.01
0.01 0.00 0.02
0.02 0.00 -0.01
0.03 -0.02 -0.01
0.01 -0.03 -0.01
0.02 -0.03 0.01
0.03 -0.03 0.01
0.08 -0.06 -0.03
0.09 -0.07 -0.04
0.11 -0.08 -0.07
0.07 -0.04 -0.06
0.10 -0.04 -0.06
0.07 -0.02 -0.06
0.04 -0.00 -0.03
0.02 0.06 0.02
-0.06 0.11 0.01
-0.07 0.15 0.00
-0.14 0.12 -0.10
-0.23 0.22 -0.02
-0.23 0.33 0.30
0.10 0.42 0.21
-0.38 0.39 0.23
-0.21 0.34 0.28
-0.21 0.14 0.51
0.13 -0.23 0.62
0.28 -0.62 0.29
0.33 -0.63 -0.10
0.36 -0.54 0.13
0.08 -0.51 0.36
0.01 -0.40 0.37
0.00 -0.48 0.05
0.15 -0.14 -0.18
0.27 0.10 -0.32
0.26 0.32 -0.29
0.19 0.45 -0.22
0.06 0.40 -0.12
0.07 0.27 -0.11
0.13 0.11 -0.15
0.19 -0.06 -0.20
0.20 -0.22 -0.27
0.13 -0.26 -0.25
0.09 -0.15 -0.25
0.08 -0.16 -0.26
0.06 -0.02 -0.20
-0.02 0.17 -0.21
-0.03 0.33 -0.15
-0.07 0.37 -0.20
-0.15 0.21 -0.20
-0.23 0.09 -0.05
-0.15 0.04 -0.00
-0.10 0.08 0.07
-0.18 0.08 0.15
-0.15 0.04 0.11
-0.10 0.13 0.05
-0.15 0.21 0.02
-0.12 0.21 -0.04
-0.12 0.24 -0.01
-0.13 0.18 0.02
-0.12 0.17 -0.01
-0.12 0.07 0.15
-0.24 -0.11 0.53
-0.30 -0.24 0.59
-0.29 -0.20 0.38
-0.23 -0.07 0.17
-0.05 0.04 -0.04
0.09 0.21 -0.06
0.14 0.11 0.00
0.17 -0.02 0.12
0.17 -0.12 0.22
0.25 -0.16 0.22
0.29 -0.18 0.20
0.06 -0.50 0.37
0.08 -0.90 0.27
0.23 -0.62 -0.04
-0.08 -0.53 -0.42
0.24 -0.27 -0.41
0.03 -0.11 -0.22
0.13 0.04 -0.11
0.24 0.01 -0.16
0.16 -0.07 -0.31
-0.00 -0.08 -0.38
-0.11 0.11 -0.28
-0.20 0.19 -0.21
-0.11 0.41 -0.10
-0.36 0.71 0.44
-0.12 0.52 0.30
0.06 0.30 0.03
0.07 0.17 -0.26
-0.00 0.05 -0.31
-0.09 0.01 -0.18
-0.11 -0.01 -0.05
-0.10 -0.00 0.02
-0.12 -0.02 0.07
-0.12 -0.03 0.06
-0.10 -0.06 0.05
-0.05 -0.07 -0.08
-0.03 -0.04 -0.05
-0.04 0.06 0.05
-0.07 0.02 0.07
-0.10 -0.03 0.07
-0.10 -0.07 0.05
-0.09 -0.04 0.03
-0.06 -0.06 0.04
-0.04 -0.05 0.05
-0.03 -0.02 0.04
-0.02 -0.01 0.03
0.00 -0.02 0.03
0.01 -0.02 0.02
-0.01 0.02 -0.00
-0.01 0.02 -0.02
-0.00 0.02 -0.02
0.02 0.02 -0.02
0.00 0.01 0.00
0.01 0.02 -0.00
0.01 0.02 -0.00
-0.00 -0.04 0.03
-0.00 -0.05 0.02
0.02 -0.02 -0.04
0.01 -0.01 -0.01
0.01 0.01 -0.02
0.01 0.00 -0.01
0.01 0.03 -0.01
0.00 0.03 -0.00
0.00 0.02 -0.00
-0.00 0.01 0.01
0.00 -0.01 0.02
-0.00 -0.04 0.00
-0.00 -0.02 -0.01
0.01 -0.00 0.00
0.01 0.01 0.02
0.00 0.02 -0.00
0.00 -0.01 0.01
-0.00 -0.01 -0.00
-0.00 -0.00 0.01
0.00 -0.01 -0.00
0.01 0.01 0.01
0.01 0.02 -0.00
0.00 0.02 0.04
-0.01 0.00 0.02
-0.02 0.01 0.01
-0.01 -0.00 0.03
