-0.00 0.00 -0.01
-0.01 0.01 -0.00
-0.00 -0.01 0.02
-0.00 -0.02 0.00
0.01 -0.01 0.00
0.01 -0.02 0.00
0.01 -0.03 -0.00
0.03 -0.02 -0.01
0.02 -0.02 -0.01
0.02 -0.02 -0.00
0.02 -0.03 -0.00
0.07 -0.05 -0.05
0.12 -0.11 -0.11
0.13 -0.18 -0.21
0.11 -0.18 -0.04
0.04 -0.06 0.02
0.01 0.07 0.08
-0.00 0.06 0.01
-0.08 0.08 0.05
-0.15 0.18 0.07
-0.22 0.32 0.09
-0.26 0.34 0.03
-0.26 0.31 0.02
-0.27 0.28 -0.05
-0.09 0.21 -0.13
-0.05 0.10 -0.11
-0.05 0.18 0.12
-0.11 0.17 0.12
0.06 0.13 0.35
0.10 -0.06 0.60
0.16 -0.33 0.72
0.26 -0.60 0.53
0.35 -0.84 0.46
0.33 -0.81 0.29
0.10 -0.47 0.08
0.17 -0.21 -0.13
0.02 0.06 -0.10
0.05 0.18 0.03
0.31 0.32 -0.14
0.33 0.46 -0.31
0.12 0.52 -0.32
0.04 0.44 -0.28
-0.09 0.23 -0.19
0.16 0.08 -0.16
0.34 -0.35 -0.32
0.30 -0.58 -0.23
0.18 -0.27 -0.16
0.03 0.22 -0.18
-0.09 0.39 -0.25
-0.15 0.27 -0.32
-0.17 0.09 -0.35
-0.13 -0.02 -0.26
-0.12 -0.09 -0.12
-0.04 -0.02 0.00
-0.11 0.03 -0.01
-0.21 0.14 0.09
-0.23 0.15 0.06
-0.22 0.09 -0.06
-0.18 0.08 -0.10
-0.12 0.10 -0.07
-0.11 0.08 -0.06
-0.14 0.13 0.09
-0.21 0.20 0.16
-0.20 0.11 0.30
-0.16 -0.02 0.33
-0.18 -0.10 0.27
-0.17 -0.04 0.08
-0.18 0.05 0.01
-0.05 0.11 -0.04
0.03 0.21 -0.02
0.06 0.21 0.13
0.13 0.07 0.21
0.19 -0.02 0.29
0.21 -0.04 0.31
0.08 -0.22 0.22
0.53 -0.22 0.47
0.07 -0.49 0.30
-0.03 -0.63 0.19
0.08 -0.73 -0.14
0.04 -0.43 -0.17
0.07 -0.17 -0.04
0.03 -0.25 0.02
0.14 -0.17 -0.03
0.18 -0.15 -0.19
0.10 0.02 -0.25
-0.02 0.08 -0.23
-0.05 0.20 -0.17
0.14 0.32 -0.06
0.29 0.35 -0.11
0.09 0.22 -0.13
-0.08 0.23 -0.11
0.07 0.02 -0.37
-0.10 -0.32 -0.54
-0.19 -0.15 -0.37
-0.18 0.09 -0.16
-0.21 0.26 -0.04
-0.07 0.46 0.12
-0.41 0.33 0.00
-0.08 0.13 0.13
-0.14 0.07 0.04
-0.08 0.07 0.23
-0.03 -0.07 0.08
-0.06 -0.14 0.00
-0.06 -0.15 0.04
-0.09 -0.08 0.06
-0.10 -0.05 0.06
-0.07 -0.04 0.07
-0.04 -0.04 0.06
-0.04 -0.04 0.03
-0.03 -0.03 0.01
-0.03 0.00 0.00
-0.02 0.04 -0.01
-0.02 0.06 -0.01
-0.01 0.02 0.01
-0.03 -0.03 0.04
-0.01 -0.03 0.02
0.00 -0.00 -0.03
0.01 0.02 -0.04
0.01 0.04 -0.06
0.00 0.05 -0.03
-0.00 0.05 -0.00
0.02 0.03 0.02
0.03 0.00 0.01
0.00 -0.04 0.01
0.00 -0.04 -0.01
-0.00 -0.01 0.00
-0.00 -0.01 -0.01
-0.00 0.01 -0.00
0.01 0.00 -0.00
0.02 0.00 0.02
0.02 -0.01 0.00
0.01 -0.02 -0.02
0.01 -0.02 -0.02
-0.00 -0.02 -0.00
-0.01 -0.01 0.00
-0.01 -0.00 0.00
-0.00 0.01 0.01
0.00 0.02 -0.01
0.01 0.02 -0.01
0.01 0.02 -0.01
0.00 0.01 -0.01
-0.00 -0.00 -0.00
-0.00 -0.01 0.01
-0.01 -0.00 0.01
0.00 -0.00 0.02
-0.01 0.00 0.00
-0.00 0.02 0.00
0.00 0.02 0.00
0.00 0.01 -0.02
-0.00 -0.04 0.02
