0.00 0.00 -0.01
-0.01 0.00 -0.01
-0.00 0.00 -0.00
-0.01 0.00 -0.01
-0.01 0.00 0.01
0.00 0.02 0.01
0.01 -0.02 0.01
0.01 -0.01 0.00
0.01 -0.01 0.01
0.01 -0.01 0.03
-0.00 0.00 0.00
-0.01 0.01 -0.02
-0.01 0.02 -0.01
0.00 0.02 -0.02
0.00 0.00 -0.00
0.01 -0.01 0.00
0.01 -0.02 0.01
0.03 -0.02 -0.00
0.02 -0.03 -0.01
0.02 -0.02 -0.00
0.03 -0.03 -0.03
0.08 -0.05 -0.03
0.07 -0.07 -0.01
0.06 -0.08 -0.02
0.02 -0.08 0.02
-0.01 -0.01 0.08
-0.08 0.06 0.02
-0.03 0.06 -0.10
0.05 0.08 -0.12
0.12 0.05 -0.12
-0.02 -0.23 -0.27
-0.01 0.18 -0.25
-0.44 -0.00 -0.32
-0.52 0.33 -0.11
-0.27 0.49 0.14
-0.38 0.45 0.30
-0.14 0.39 0.34
-0.07 0.34 0.37
0.19 0.27 0.43
0.21 -0.16 0.85
0.21 -0.33 0.80
0.37 -0.53 0.76
0.34 -0.35 0.67
0.22 -0.09 0.18
0.17 0.04 0.03
0.03 0.01 -0.08
0.01 0.04 -0.27
0.07 0.15 -0.34
0.25 0.18 -0.33
0.28 0.06 -0.28
0.41 -0.10 -0.30
0.43 -0.34 -0.25
0.46 -0.43 -0.26
0.30 -0.37 -0.12
0.13 -0.36 -0.06
0.07 -0.25 -0.03
0.05 -0.07 -0.10
0.04 -0.05 -0.16
-0.04 0.07 -0.24
-0.24 0.10 -0.29
-0.23 0.35 -0.36
-0.31 0.34 -0.38
-0.24 0.17 -0.31
-0.22 0.03 -0.24
-0.17 -0.06 -0.12
-0.16 -0.03 -0.02
-0.16 0.08 0.04
-0.16 0.12 0.02
-0.16 0.13 -0.04
-0.17 0.10 -0.02
-0.10 0.15 -0.04
-0.09 0.16 -0.03
-0.02 0.10 -0.07
-0.04 0.07 -0.05
-0.01 0.16 0.01
-0.03 0.25 0.09
-0.11 0.33 0.24
-0.18 0.40 0.30
-0.10 0.35 0.24
0.04 0.26 0.27
0.20 0.20 0.31
0.26 0.06 0.42
0.19 -0.10 0.58
0.03 -0.33 0.60
-0.02 -0.42 0.47
-0.07 -0.62 0.27
0.03 -0.39 0.21
-0.07 -0.66 -0.23
0.09 -0.65 -0.34
0.16 -0.30 -0.29
0.13 0.27 -0.23
0.08 0.46 -0.12
0.23 0.22 -0.02
0.25 -0.07 0.04
0.27 -0.25 -0.04
0.15 -0.34 -0.17
0.01 -0.28 -0.24
-0.17 -0.08 -0.26
-0.22 0.08 -0.19
-0.11 0.14 -0.06
0.04 0.11 -0.08
0.03 0.02 -0.18
0.02 -0.00 -0.19
-0.08 0.04 -0.19
-0.13 0.07 -0.17
-0.14 0.06 -0.15
-0.10 0.02 -0.14
-0.14 -0.01 -0.06
0.01 0.08 0.06
-0.44 0.03 0.04
0.02 0.04 0.06
-0.12 -0.00 -0.05
-0.04 -0.01 0.07
-0.02 -0.00 0.13
-0.08 -0.03 0.17
-0.07 -0.09 0.12
-0.08 -0.08 0.08
-0.04 -0.07 0.04
-0.04 0.00 0.05
-0.03 0.01 0.01
-0.04 0.04 -0.02
-0.05 0.02 -0.01
-0.04 0.02 0.03
0.02 -0.02 0.02
-0.07 0.10 0.09
0.02 0.01 -0.01
-0.01 0.04 -0.02
0.02 0.01 -0.01
-0.00 -0.00 -0.04
-0.02 -0.01 -0.02
-0.01 -0.01 -0.01
0.00 0.00 0.03
0.02 0.01 0.00
0.05 -0.05 0.05
-0.00 0.07 -0.01
-0.02 0.04 -0.03
-0.01 0.00 -0.04
-0.01 0.01 -0.05
-0.01 -0.00 -0.03
-0.02 -0.04 0.03
-0.01 -0.06 0.05
0.02 -0.03 0.08
0.04 0.03 0.02
0.01 0.03 -0.06
-0.00 0.00 -0.08
-0.02 0.00 -0.05
0.08 0.01 -0.05
0.01 -0.04 0.03
-0.02 -0.01 -0.02
-0.01 -0.01 0.00
