-0.00 0.01 0.02
-0.00 0.00 0.00
-0.01 0.00 -0.01
-0.01 0.01 0.00
-0.00 0.00 0.02
0.00 -0.01 0.01
0.02 -0.02 0.01
0.05 -0.05 -0.01
0.11 -0.11 -0.07
0.10 -0.16 -0.16
0.08 -0.14 -0.08
-0.05 -0.07 0.04
0.07 0.03 0.10
0.16 -0.12 -0.08
0.06 -0.20 -0.11
0.08 -0.10 -0.04
0.05 0.07 0.10
-0.13 0.19 0.19
-0.08 0.33 0.13
-0.22 0.49 -0.19
-0.36 0.68 -0.13
-0.51 0.93 -0.10
-0.38 0.62 0.07
-0.03 0.12 0.31
0.43 -0.11 0.42
0.32 -0.28 0.33
0.33 -0.19 0.28
0.28 -0.06 0.28
0.36 -0.08 0.38
0.29 -0.17 0.49
0.35 -0.37 0.45
0.18 -0.55 0.23
0.15 -0.42 0.17
-0.04 -0.28 0.11
0.01 -0.05 -0.05
0.22 0.01 -0.21
0.35 0.28 -0.44
0.27 0.30 -0.41
0.13 0.14 -0.27
-0.01 -0.01 -0.19
-0.04 -0.03 -0.12
-0.04 -0.05 -0.08
0.01 -0.15 -0.07
0.11 -0.15 -0.08
0.07 -0.18 -0.08
-0.01 -0.11 -0.17
-0.09 0.07 -0.26
-0.18 0.05 -0.20
-0.25 0.18 -0.17
-0.25 0.21 -0.10
-0.24 0.06 -0.08
-0.18 -0.11 -0.02
-0.07 -0.15 -0.06
-0.09 0.06 -0.08
-0.16 0.16 -0.08
-0.24 0.23 -0.08
-0.13 0.21 -0.20
-0.08 0.20 -0.21
-0.15 0.20 -0.22
-0.15 0.16 -0.20
-0.10 0.10 -0.11
-0.00 0.07 0.02
-0.11 0.11 0.08
-0.20 0.32 0.19
-0.20 0.31 0.23
-0.09 0.19 0.25
0.16 0.08 0.27
0.18 -0.01 0.37
0.29 -0.01 0.50
0.32 -0.05 0.55
0.26 -0.19 0.55
0.10 -0.29 0.41
0.05 -0.50 0.33
-0.02 -0.31 0.08
-0.01 -0.38 0.04
0.12 -0.15 0.32
-0.10 -0.21 0.08
-0.01 -0.17 -0.15
0.06 -0.06 -0.27
0.11 0.07 -0.23
0.17 -0.02 -0.27
0.15 0.05 -0.19
0.10 0.11 -0.18
0.05 0.19 -0.26
0.06 0.15 -0.20
0.07 0.11 -0.11
0.12 -0.04 -0.03
0.03 -0.16 -0.03
-0.19 -0.36 -0.05
-0.24 -0.36 0.14
-0.21 -0.38 -0.21
-0.12 -0.37 -0.31
0.09 0.07 -0.24
-0.12 0.30 -0.16
-0.23 0.36 -0.19
-0.15 0.21 0.05
-0.19 0.02 -0.11
-0.33 0.17 0.12
-0.15 0.05 -0.02
-0.13 0.04 0.05
-0.12 0.03 0.09
-0.11 0.04 0.09
-0.05 -0.07 0.06
-0.08 0.03 0.05
-0.05 0.02 0.04
-0.06 0.03 0.06
-0.12 0.06 0.12
-0.11 0.07 0.13
-0.08 0.03 0.08
-0.01 -0.01 0.02
0.01 -0.02 0.00
-0.01 -0.07 -0.01
0.01 -0.06 -0.06
0.01 -0.00 -0.09
-0.01 0.06 -0.05
0.00 0.06 0.00
0.01 0.05 0.02
0.00 0.05 0.03
0.02 0.02 0.02
-0.01 -0.04 -0.02
0.00 -0.02 -0.02
-0.00 -0.03 -0.03
-0.00 -0.03 -0.04
0.00 -0.01 0.01
0.01 -0.00 -0.01
0.01 0.00 0.03
-0.01 0.02 0.05
-0.00 0.00 0.04
-0.01 -0.04 0.01
-0.01 -0.03 -0.04
-0.01 -0.03 -0.05
-0.00 -0.01 -0.02
0.02 -0.00 -0.03
0.01 0.01 -0.02
0.01 0.02 -0.01
0.00 0.02 0.01
-0.01 0.02 0.01
-0.00 0.00 0.02
-0.02 -0.02 0.01
-0.02 -0.04 0.01
0.00 -0.02 0.00
0.02 0.00 -0.02
0.01 0.01 -0.01
0.00 0.02 -0.00
-0.01 0.02 0.04
-0.01 0.01 0.02
-0.01 -0.01 0.02
-0.01 -0.01 0.01
-0.00 -0.02 -0.01
0.00 -0.01 0.00
