0.01 0.01 -0.04
0.02 0.00 -0.01
-0.01 -0.02 -0.02
0.01 -0.01 0.03
-0.00 -0.01 0.02
0.00 0.01 0.01
-0.00 0.02 0.03
0.00 0.02 -0.00
0.00 0.01 -0.01
0.00 -0.01 -0.00
0.01 -0.01 -0.00
0.03 -0.01 -0.01
0.01 -0.02 -0.01
0.02 -0.02 0.00
0.05 -0.06 -0.02
0.08 -0.09 -0.06
0.12 -0.06 0.01
0.13 -0.21 -0.12
0.09 -0.18 -0.03
0.06 -0.14 0.03
0.00 0.01 0.07
0.04 0.08 0.03
0.01 0.15 -0.05
0.04 0.15 -0.09
-0.03 0.16 -0.04
-0.02 0.14 -0.01
-0.15 0.17 -0.02
-0.18 0.28 -0.08
-0.22 0.25 0.02
-0.25 0.20 0.14
-0.29 0.40 0.22
-0.04 0.26 0.26
0.11 0.13 0.27
0.35 0.20 0.34
0.12 0.02 0.36
0.11 -0.04 0.42
0.18 -0.15 0.40
0.17 -0.21 0.25
0.22 -0.24 0.12
0.23 -0.30 0.17
0.25 -0.39 0.22
0.07 -0.17 -0.05
-0.01 -0.20 0.01
0.15 -0.08 -0.01
0.27 -0.07 0.04
0.59 -0.13 -0.19
0.70 0.07 -0.12
0.43 0.02 -0.24
0.39 -0.19 -0.37
0.10 -0.08 -0.30
-0.12 -0.02 -0.15
-0.04 -0.06 -0.05
-0.25 -0.35 -0.26
-0.13 -0.35 -0.38
-0.12 -0.29 -0.36
-0.02 0.11 -0.13
-0.17 0.75 0.04
-0.40 0.97 0.12
-0.49 0.54 0.01
-0.33 0.07 -0.06
-0.15 0.03 -0.18
-0.14 0.11 -0.18
-0.22 0.13 -0.12
-0.18 0.13 -0.08
-0.14 0.06 -0.05
-0.06 -0.01 0.00
-0.10 0.18 -0.04
-0.07 0.24 -0.05
-0.13 0.13 -0.02
-0.08 0.07 0.03
-0.10 0.08 0.07
-0.12 0.09 0.15
0.00 0.06 0.19
0.11 0.01 0.30
0.12 0.12 0.28
0.15 0.07 0.33
0.24 0.09 0.38
0.27 0.03 0.41
0.29 -0.18 0.49
0.32 -0.37 0.45
0.29 -0.63 0.46
-0.23 -0.64 0.13
0.00 -0.31 0.04
0.10 -0.56 -0.03
-0.09 -0.56 -0.30
0.02 -0.53 -0.35
0.12 -0.18 -0.32
0.17 0.20 -0.30
0.06 0.51 -0.24
-0.09 0.42 -0.25
-0.24 0.23 -0.08
-0.19 0.16 0.10
-0.07 -0.04 0.17
0.10 -0.13 0.05
0.12 -0.08 -0.14
0.08 -0.01 -0.27
0.04 0.03 -0.24
-0.01 0.10 -0.21
0.22 0.10 -0.22
0.75 -0.03 -0.93
-0.17 0.05 -0.75
-0.46 -0.39 -0.51
-0.36 -0.20 -0.01
-0.31 0.21 0.40
-0.23 -0.06 0.34
-0.13 -0.13 0.25
-0.03 -0.11 0.22
-0.12 -0.35 -0.19
0.07 0.03 0.19
-0.13 0.32 -0.17
-0.14 0.32 -0.06
-0.16 0.09 0.04
-0.13 0.11 0.04
-0.10 0.05 0.07
-0.10 -0.02 0.15
-0.07 -0.09 0.14
-0.02 -0.12 0.05
0.03 -0.10 -0.05
0.05 -0.12 -0.14
0.04 -0.06 -0.10
0.01 0.09 -0.09
-0.04 0.08 -0.09
-0.05 0.09 -0.04
-0.04 0.08 0.03
-0.04 0.05 0.09
-0.04 -0.03 0.12
0.01 -0.03 0.04
0.04 -0.04 -0.05
0.04 -0.05 -0.07
0.04 -0.05 -0.07
0.01 0.01 0.02
-0.00 0.04 -0.03
0.00 0.03 0.02
-0.01 0.00 0.04
-0.01 -0.03 0.06
0.01 -0.05 0.02
0.02 -0.04 -0.03
0.01 -0.01 -0.04
0.00 0.00 -0.04
0.02 0.01 -0.03
0.00 0.03 -0.00
0.00 0.04 0.01
0.00 0.04 -0.00
-0.02 0.02 0.01
-0.03 -0.01 0.02
-0.02 -0.04 0.04
-0.01 -0.03 0.01
0.00 -0.04 -0.00
0.03 -0.03 0.01
0.03 -0.00 -0.00
