0.02 -0.01 0.02
-0.03 -0.03 -0.06
-0.02 -0.03 -0.03
0.01 -0.03 0.04
0.03 -0.02 0.05
0.02 -0.02 0.05
0.02 0.01 0.01
0.01 -0.02 0.01
-0.08 0.06 0.01
-0.11 0.11 -0.03
-0.09 0.09 -0.04
-0.08 0.07 -0.05
-0.07 0.09 -0.05
-0.06 0.10 -0.04
-0.03 0.09 -0.04
-0.02 0.08 -0.07
-0.01 0.03 -0.08
-0.02 0.04 -0.00
0.02 0.01 -0.05
0.01 0.06 -0.08
-0.07 0.06 -0.08
-0.07 0.03 -0.07
-0.08 0.03 -0.06
-0.10 0.03 -0.09
-0.16 0.02 -0.02
-0.28 0.03 0.05
-0.19 0.08 0.09
-0.09 0.12 -0.02
-0.08 0.14 -0.04
-0.20 0.18 -0.05
-0.28 0.20 -0.04
-0.28 0.19 0.12
-0.22 0.17 0.22
-0.00 0.10 0.25
0.22 0.04 0.16
0.33 0.03 0.08
0.40 0.03 0.04
0.37 0.06 0.03
0.30 0.03 -0.02
0.29 0.12 0.14
0.37 -0.07 0.04
0.37 -0.17 0.16
0.29 0.60 0.46
0.39 -0.08 -0.03
0.42 -0.12 -0.07
0.57 -0.49 -0.32
0.74 -0.22 0.00
0.65 -0.26 -0.13
0.41 -0.47 -0.28
0.20 -0.41 -0.31
-0.00 -0.33 -0.18
-0.18 -0.18 -0.09
-0.19 -0.04 -0.00
-0.17 -0.01 0.06
-0.16 -0.01 0.12
-0.18 0.01 0.23
-0.18 -0.04 0.31
-0.20 -0.01 0.23
-0.24 0.06 0.13
-0.24 0.15 0.03
-0.25 0.21 0.01
-0.23 0.22 0.02
-0.20 0.17 0.08
-0.26 0.12 0.09
-0.35 0.08 -0.03
-0.43 0.12 -0.08
-0.42 0.22 -0.05
-0.44 0.31 -0.06
-0.41 0.31 -0.00
-0.31 0.13 0.03
-0.18 0.09 0.01
-0.32 -0.10 -0.11
-0.24 -0.08 -0.07
-0.18 -0.05 -0.14
-0.14 -0.02 -0.17
-0.66 -0.06 -0.22
-0.35 0.28 0.07
0.12 -0.02 -0.02
-0.10 0.08 -0.18
0.21 0.09 -0.07
0.12 0.03 -0.12
0.15 0.03 0.03
0.22 0.14 0.08
0.28 0.07 0.22
0.39 -0.04 0.29
0.41 -0.12 0.28
0.41 -0.11 0.35
0.46 -0.16 0.45
0.64 -0.38 0.18
0.69 -0.30 0.07
0.66 -0.43 -0.00
0.42 -0.25 0.02
0.03 -0.22 -0.08
-0.18 -0.08 -0.07
-0.22 0.04 -0.08
-0.07 0.04 -0.09
-0.02 -0.01 -0.11
0.03 -0.09 -0.16
-0.10 -0.04 -0.17
-0.15 0.02 -0.11
-0.18 0.05 -0.12
-0.15 0.07 -0.13
-0.10 0.02 -0.11
-0.12 0.02 -0.09
-0.12 0.02 -0.04
-0.12 0.01 0.00
-0.07 -0.00 0.03
-0.08 0.02 0.05
-0.05 0.03 0.04
-0.05 0.04 0.02
-0.06 0.03 0.01
-0.06 0.02 -0.00
-0.06 0.03 -0.01
-0.04 0.03 -0.00
-0.02 0.02 0.03
-0.00 0.01 0.03
-0.00 0.01 0.02
-0.01 0.01 0.00
-0.00 0.01 -0.00
-0.01 -0.02 -0.02
0.00 -0.01 -0.03
-0.00 -0.02 -0.03
-0.00 -0.03 -0.00
0.00 0.00 -0.00
0.00 0.01 0.02
-0.01 -0.02 -0.01
-0.01 -0.00 0.01
0.18 0.06 0.15
0.00 -0.02 -0.01
0.01 0.01 0.07
-0.01 0.01 -0.03
0.00 0.02 -0.01
-0.04 0.03 -0.09
-0.02 -0.06 0.01
-0.18 -0.07 0.03
-0.05 0.04 0.00
0.03 0.07 -0.03
0.03 0.03 -0.05
0.01 0.00 -0.04
-0.01 -0.00 -0.02
-0.01 -0.03 -0.02
-0.00 -0.04 -0.03
0.00 -0.03 -0.03
-0.00 -0.02 -0.00
0.01 -0.02 0.01
0.01 -0.02 0.02
0.01 -0.01 0.01
-0.01 -0.01 0.01
0.00 -0.01 -0.01
0.03 -0.03 0.02
