-0.00 -0.00 0.01
-0.02 -0.00 0.00
-0.01 0.01 0.02
-0.00 0.00 0.00
0.02 0.02 -0.02
-0.01 -0.00 -0.03
0.01 -0.01 -0.02
0.00 -0.01 -0.02
0.01 -0.01 -0.01
0.01 -0.01 0.00
-0.00 0.00 -0.01
-0.01 -0.00 0.01
0.00 -0.02 -0.01
0.01 0.00 -0.02
0.01 0.02 -0.03
-0.00 -0.02 -0.01
-0.00 0.00 -0.01
-0.00 0.01 0.02
-0.01 0.00 0.03
-0.00 -0.00 0.01
-0.00 -0.01 0.00
0.03 0.02 0.01
-0.02 0.01 0.01
-0.01 0.00 -0.00
0.02 0.01 -0.02
-0.03 0.00 0.01
-0.06 -0.08 0.06
-0.00 0.04 0.17
0.19 0.09 -0.24
0.01 -0.02 0.12
0.00 -0.01 -0.26
-0.13 -0.25 -0.52
0.06 0.17 0.12
0.02 0.01 0.02
-0.05 0.02 0.07
-0.02 0.01 0.05
-0.02 -0.01 0.00
-0.04 -0.00 -0.08
0.00 -0.02 -0.06
-0.00 -0.02 -0.03
0.00 -0.02 -0.03
0.01 -0.02 -0.03
0.02 -0.01 -0.02
0.01 -0.01 -0.01
0.01 -0.01 -0.02
0.00 0.23 -0.25
0.00 0.07 -0.07
0.00 0.02 -0.05
0.01 0.00 -0.03
-0.00 0.00 -0.03
0.01 0.01 -0.03
0.02 0.01 -0.00
0.03 0.00 -0.03
0.04 0.01 -0.04
-0.01 0.02 -0.03
-0.03 0.03 0.00
-0.04 0.02 0.03
-0.02 0.04 0.03
0.00 0.05 0.05
-0.00 0.03 0.03
0.02 0.05 0.05
0.00 0.28 -0.13
-0.02 0.12 0.02
0.01 0.09 0.08
0.01 0.04 0.09
-0.01 0.04 0.11
-0.03 0.04 0.14
-0.03 0.03 0.14
-0.02 0.01 0.12
-0.01 0.00 0.10
0.00 0.01 0.09
-0.00 -0.00 0.06
-0.00 -0.02 0.05
-0.00 -0.02 0.06
-0.01 -0.03 0.02
-0.00 -0.02 0.01
-0.08 -0.02 -0.01
-0.02 -0.01 -0.02
0.02 -0.03 -0.04
0.01 -0.01 -0.05
0.03 -0.01 -0.03
0.04 0.00 -0.05
0.03 -0.01 -0.04
0.03 -0.01 -0.02
0.03 -0.01 -0.04
0.01 -0.02 -0.04
0.02 -0.01 -0.03
0.02 -0.02 -0.02
0.01 -0.01 -0.02
0.01 -0.01 -0.02
0.03 -0.00 -0.01
0.03 0.00 -0.03
0.02 -0.00 -0.02
0.02 -0.00 -0.03
0.02 0.01 0.00
0.03 0.00 0.00
0.01 0.01 -0.01
0.01 -0.00 0.00
0.00 -0.01 -0.01
-0.02 -0.02 -0.03
-0.03 -0.02 -0.02
-0.02 -0.00 -0.01
0.01 0.01 0.01
0.00 -0.01 0.03
-0.02 -0.01 0.03
-0.03 -0.00 0.00
-0.04 -0.00 -0.01
-0.01 0.02 -0.03
-0.02 0.00 -0.05
-0.03 -0.00 -0.05
-0.04 -0.01 -0.06
-0.05 -0.02 -0.03
-0.07 -0.01 -0.05
-0.08 0.02 -0.06
-0.09 0.06 -0.07
-0.09 0.09 -0.08
-0.10 0.08 -0.07
-0.08 0.03 -0.07
-0.06 0.02 -0.04
-0.03 -0.02 -0.03
-0.03 -0.03 0.00
0.00 -0.03 0.01
0.01 -0.02 -0.00
0.01 -0.02 0.00
0.02 -0.02 0.02
0.02 -0.02 -0.01
0.02 -0.01 -0.00
0.03 -0.00 0.00
0.03 -0.00 0.01
0.05 -0.01 0.02
0.05 -0.01 0.02
0.05 -0.02 0.02
0.05 -0.02 0.03
0.04 -0.01 0.04
0.04 -0.03 0.03
0.03 -0.02 0.02
0.03 -0.01 0.01
0.03 -0.01 -0.00
0.03 -0.00 -0.01
0.01 -0.01 -0.02
0.02 -0.01 -0.04
0.01 -0.02 -0.04
0.00 -0.00 -0.03
-0.01 0.00 -0.04
-0.02 0.00 -0.03
-0.01 -0.01 -0.05
-0.00 -0.01 -0.06
-0.01 0.01 -0.06
-0.03 -0.01 -0.05
-0.03 -0.00 -0.03
