-0.02 0.06 -0.05
-0.03 0.04 0.02
-0.02 -0.04 0.03
0.01 0.02 0.00
0.07 -0.05 -0.03
0.02 -0.04 -0.08
-0.06 -0.05 -0.05
-0.01 0.01 0.00
-0.02 0.06 0.04
-0.02 0.00 0.06
0.01 -0.02 0.01
-0.00 0.01 -0.00
-0.02 0.01 0.01
-0.04 0.03 0.03
-0.04 0.01 0.02
-0.04 0.01 0.02
-0.06 0.01 0.00
-0.04 0.02 0.01
-0.05 0.03 0.02
-0.02 0.02 0.02
-0.02 0.03 0.02
-0.02 0.01 0.03
-0.03 0.02 -0.00
-0.01 -0.00 -0.07
-0.02 0.01 -0.02
0.00 -0.00 -0.01
0.00 -0.00 -0.03
0.04 -0.01 -0.04
0.04 -0.02 -0.04
0.04 -0.04 -0.07
0.01 -0.06 -0.05
0.01 -0.04 -0.07
0.01 -0.04 -0.02
0.03 -0.02 -0.01
0.03 -0.00 -0.02
0.00 -0.03 -0.05
0.01 -0.03 -0.09
0.02 -0.03 -0.08
0.03 -0.05 -0.03
0.03 -0.07 -0.02
0.03 0.02 0.02
0.02 -0.02 0.03
0.02 -0.01 0.02
0.02 -0.01 0.01
0.00 -0.00 0.03
0.03 -0.01 0.03
0.03 -0.02 0.04
0.03 -0.02 0.02
0.05 -0.01 0.05
0.02 -0.02 0.04
0.02 -0.02 0.03
0.03 -0.02 0.02
0.01 -0.02 0.02
0.03 -0.01 0.03
0.05 0.02 0.05
0.03 -0.01 0.04
0.04 -0.02 0.04
0.03 -0.03 0.02
0.01 -0.01 0.00
0.02 0.00 0.02
0.02 -0.00 0.02
0.00 -0.00 0.01
-0.01 -0.02 -0.01
0.01 0.00 0.02
-0.00 0.00 0.02
-0.02 0.02 0.02
-0.00 0.01 0.02
-0.02 0.01 0.03
-0.02 0.01 0.02
-0.01 0.01 0.01
-0.02 0.02 0.02
-0.01 0.03 0.04
-0.00 0.02 0.03
-0.02 0.01 -0.01
-0.02 0.04 0.04
-0.01 0.03 0.04
-0.04 0.02 0.02
-0.01 0.01 0.02
-0.02 -0.00 0.01
-0.01 0.01 0.02
-0.03 0.02 -0.00
0.00 0.02 0.01
-0.01 0.00 0.01
-0.02 0.02 0.02
-0.00 0.02 0.06
0.00 0.01 0.06
-0.01 0.03 0.03
-0.03 0.02 0.02
-0.02 0.01 0.03
-0.01 0.02 0.01
0.03 0.02 -0.01
0.02 0.02 -0.00
0.03 0.02 0.01
0.01 0.03 0.03
0.00 0.03 0.03
-0.04 0.03 0.02
0.29 0.22 0.03
-0.05 -0.03 0.02
0.04 -0.01 0.04
0.03 0.07 0.01
0.08 0.04 0.02
-0.02 0.04 0.06
-0.04 0.05 0.04
-0.04 0.04 0.02
-0.02 -0.00 0.01
-0.03 -0.01 -0.01
-0.03 0.08 0.06
-0.04 0.16 0.03
0.04 -0.08 0.02
-0.12 0.11 0.06
0.38 0.00 0.10
-0.19 0.02 -0.10
-0.05 0.02 0.00
-0.04 0.04 -0.03
-0.07 0.00 -0.01
0.08 0.09 -0.08
0.04 -0.01 -0.00
-0.03 0.03 -0.04
0.01 0.02 -0.04
-0.02 -0.01 -0.05
-0.01 -0.04 -0.03
0.03 -0.01 0.03
-0.01 -0.01 -0.00
0.04 -0.01 -0.06
-0.03 -0.05 -0.02
-0.02 -0.13 0.21
-0.03 -0.01 -0.08
-0.00 -0.04 -0.07
-0.03 -0.01 -0.04
-0.05 -0.01 -0.09
-0.14 0.25 -0.44
0.04 -0.28 0.17
-0.18 0.06 -0.15
0.03 0.03 -0.06
0.00 -0.07 -0.02
0.03 -0.01 -0.00
-0.00 -0.01 -0.04
-0.00 -0.05 -0.07
-0.02 -0.01 -0.06
0.01 -0.06 -0.03
-0.15 -0.04 -0.08
-0.18 0.29 0.12
0.01 -0.15 0.15
0.06 -0.02 0.03
0.09 -0.03 0.01
0.02 0.01 0.04
0.07 0.01 -0.00
-0.04 0.05 -0.01
0.00 -0.03 0.00
0.02 -0.03 -0.02
