-0.09 -0.13 0.04
-0.02 0.08 -0.01
-0.13 0.17 -0.08
0.19 0.12 -0.24
0.22 0.05 -0.07
-0.16 -0.01 0.28
0.04 0.07 0.06
0.11 -0.08 0.09
-0.09 0.05 -0.01
-0.01 -0.09 -0.13
0.14 0.56 0.82
-0.00 0.02 -0.34
-0.09 -0.17 -0.39
0.15 -0.28 0.11
0.22 0.26 0.11
-0.18 0.02 -0.11
-0.04 0.17 0.00
-0.02 0.11 0.11
0.03 0.02 -0.02
0.01 0.00 -0.07
-0.04 0.02 -0.02
-0.02 0.02 -0.04
0.00 0.06 0.02
0.00 0.05 0.02
0.03 0.05 0.03
0.01 0.05 0.04
0.02 0.06 0.07
0.06 0.07 0.05
0.05 0.05 0.05
0.08 0.04 0.08
0.01 0.06 0.07
0.00 0.05 0.03
0.05 0.06 0.04
0.03 0.05 0.03
-0.03 -0.01 0.01
-0.05 -0.00 -0.05
-0.05 -0.02 -0.05
-0.08 -0.00 -0.11
-0.00 -0.02 -0.09
-0.05 -0.05 -0.06
-0.04 -0.03 -0.05
-0.07 -0.06 -0.04
-0.08 -0.06 -0.06
-0.05 -0.08 -0.07
-0.04 -0.06 -0.08
-0.06 -0.09 -0.14
-0.03 -0.13 -0.23
-0.04 -0.14 -0.25
-0.06 -0.17 -0.07
0.01 -0.12 -0.06
0.02 -0.03 0.03
0.02 -0.01 0.06
0.01 -0.07 0.04
0.04 -0.05 0.01
0.06 -0.06 0.01
0.08 -0.03 0.03
0.09 -0.02 0.05
0.10 0.02 0.07
0.06 -0.00 0.07
0.08 0.00 0.04
0.06 -0.01 0.04
0.05 0.01 0.04
0.08 -0.01 0.01
0.10 0.04 0.08
0.04 0.01 0.06
0.03 0.01 0.02
0.06 0.04 0.03
0.05 0.03 0.06
0.06 0.05 0.05
0.05 0.02 0.05
0.03 0.02 0.07
0.04 0.04 0.08
0.06 0.08 0.10
0.06 0.06 0.15
-0.00 0.11 0.18
-0.01 0.08 0.10
0.02 0.15 0.15
-0.01 0.10 0.11
0.00 0.07 0.09
0.03 0.08 0.07
0.04 0.07 0.05
0.01 0.03 0.04
0.00 0.03 0.03
-0.00 0.04 0.02
-0.03 -0.01 0.01
-0.03 0.01 -0.02
-0.01 0.01 -0.03
0.01 0.02 -0.03
0.02 0.01 -0.03
0.01 0.02 -0.00
-0.00 0.02 -0.00
-0.01 0.00 -0.01
-0.03 0.02 -0.03
-0.04 0.03 -0.04
-0.04 0.01 -0.05
-0.15 -0.11 -0.11
0.02 0.02 -0.05
-0.04 0.11 -0.11
-0.08 0.00 -0.00
-0.12 0.04 -0.02
-0.15 0.03 -0.04
-0.08 0.01 -0.05
0.16 0.40 0.16
0.04 -0.07 -0.31
-0.12 0.03 -0.06
-0.15 -0.02 -0.09
-0.12 -0.06 -0.09
-0.12 -0.04 -0.11
-0.04 -0.04 -0.06
-0.01 -0.08 0.01
0.04 -0.11 0.03
0.03 -0.08 -0.00
0.04 -0.09 0.00
0.06 -0.11 0.02
0.06 -0.09 0.02
0.07 -0.09 0.02
0.06 -0.09 0.03
0.10 -0.04 0.01
0.06 -0.03 0.03
-0.02 -0.01 0.02
0.07 0.03 -0.00
0.02 -0.03 -0.06
0.26 0.27 0.40
-0.08 -0.17 0.12
-0.07 -0.14 -0.32
0.17 -0.70 -0.05
0.23 -0.32 -0.47
-0.02 -0.53 -0.20
0.16 0.42 0.06
0.02 0.01 0.08
0.09 0.12 0.10
-0.07 0.80 0.30
-0.20 0.92 -0.27
-0.13 -0.50 -0.12
-0.01 0.01 -0.02
-0.03 0.17 -0.20
-0.19 -0.25 0.13
0.03 0.15 0.02
0.08 -0.03 -0.02
0.00 0.05 0.03
-0.03 0.04 -0.04
-0.03 0.04 -0.05
0.00 -0.02 -0.05
-0.03 -0.02 -0.04
-0.08 -0.03 -0.01
-0.04 -0.03 -0.02
-0.02 -0.02 0.00
-0.01 0.00 0.00
0.01 -0.01 -0.02
0.01 0.01 -0.00
