-0.01 0.02 -0.01
-0.00 -0.00 -0.01
0.00 0.00 -0.01
-0.01 0.00 -0.02
-0.00 -0.00 0.00
0.01 -0.00 0.01
0.00 0.01 -0.01
-0.00 0.00 -0.01
0.01 -0.01 0.02
-0.00 0.01 0.00
-0.02 0.01 -0.02
0.00 -0.01 0.00
0.00 0.00 0.00
-0.00 -0.01 -0.01
-0.01 0.00 -0.02
-0.01 -0.01 -0.03
0.00 0.00 -0.01
0.00 -0.00 0.00
0.00 0.01 0.01
0.01 -0.01 0.03
0.01 -0.00 0.03
0.00 0.00 0.01
-0.00 -0.01 -0.01
0.00 -0.00 -0.01
0.00 -0.01 -0.02
-0.00 0.00 -0.03
-0.01 -0.00 -0.04
-0.00 -0.02 -0.03
0.01 -0.01 -0.00
-0.02 0.00 -0.05
-0.01 0.01 -0.03
-0.01 0.01 -0.08
-0.03 0.01 -0.09
0.01 -0.02 -0.08
0.01 0.01 -0.08
0.01 0.02 -0.09
0.02 0.03 -0.10
-0.06 -0.05 -0.07
0.05 -0.05 -0.06
-0.04 0.01 -0.09
-0.06 0.05 -0.10
-0.02 0.00 -0.04
-0.00 0.00 -0.02
-0.01 -0.02 0.01
0.00 -0.01 0.08
0.03 0.02 0.16
0.04 0.01 0.15
0.03 0.00 0.12
0.07 -0.03 0.15
0.09 -0.02 0.23
0.07 0.01 0.25
0.06 0.04 0.29
0.07 0.04 0.32
0.05 0.06 0.32
0.02 0.06 0.21
0.02 0.08 0.22
0.02 0.05 0.21
-0.01 0.01 0.16
0.00 0.03 0.05
-0.04 0.05 -0.06
0.04 -0.03 -0.05
0.07 -0.07 -0.01
0.06 -0.10 -0.04
0.05 -0.04 -0.05
0.04 0.03 0.01
0.02 0.03 -0.02
0.05 0.00 0.02
0.02 0.03 -0.03
-0.02 0.01 -0.15
-0.05 0.00 -0.21
-0.03 0.06 -0.17
-0.09 0.06 -0.24
-0.07 0.02 -0.21
-0.05 0.02 -0.21
-0.05 0.03 -0.16
-0.00 0.00 -0.05
0.02 -0.01 -0.05
-0.02 -0.02 -0.12
-0.03 -0.05 -0.18
-0.08 -0.08 -0.34
-0.05 -0.13 -0.40
-0.06 -0.13 -0.28
-0.01 -0.13 -0.11
-0.04 -0.06 -0.00
-0.06 -0.02 -0.07
-0.06 -0.01 -0.10
-0.09 0.06 -0.02
-0.09 0.05 -0.12
-0.08 0.01 -0.16
-0.09 -0.01 -0.21
-0.01 -0.04 -0.07
0.02 0.02 0.06
0.01 0.04 0.09
0.00 0.08 0.09
-0.00 0.06 0.06
0.00 0.01 -0.02
0.04 0.01 -0.04
0.04 -0.00 -0.06
0.21 -0.07 -0.06
0.10 0.09 -0.01
0.06 0.02 -0.05
-0.39 0.08 0.79
0.00 0.13 0.12
0.02 0.11 0.13
-0.00 0.07 0.17
0.03 -0.01 0.05
0.04 -0.06 0.00
0.05 -0.03 0.08
0.01 0.04 0.19
-0.02 0.09 0.24
0.01 0.10 0.39
0.08 0.05 0.43
0.06 0.00 0.38
0.03 -0.06 0.22
-0.03 -0.07 0.06
0.06 -0.07 0.25
0.04 -0.06 0.24
-0.03 -0.01 0.15
-0.08 0.06 0.03
-0.13 0.07 0.00
-0.04 -0.01 0.05
-0.03 -0.06 -0.05
-0.02 -0.10 -0.11
-0.00 -0.04 -0.02
-0.06 0.01 -0.08
-0.04 0.00 -0.14
-0.01 -0.01 -0.15
-0.04 -0.01 -0.18
-0.02 -0.01 -0.17
-0.03 -0.08 -0.05
0.05 -0.07 -0.03
0.01 -0.04 -0.05
-0.05 0.02 -0.08
-0.05 0.05 -0.06
-0.02 0.04 -0.03
-0.01 0.03 0.01
0.01 0.01 0.00
0.02 -0.03 -0.01
0.04 -0.04 0.00
0.03 -0.01 0.01
0.01 0.00 0.00
-0.05 0.03 -0.08
-0.05 0.02 -0.10
-0.04 0.02 -0.05
-0.00 0.01 0.02
0.03 -0.02 0.06
0.01 -0.03 0.03
0.00 -0.00 0.02
-0.01 -0.02 -0.03
0.01 -0.01 0.01
