-0.00 0.07 0.02
0.02 0.08 0.00
-0.00 0.03 -0.04
-0.00 0.01 -0.02
0.02 -0.00 0.01
0.02 -0.01 0.03
0.02 0.00 0.03
0.02 0.03 0.01
-0.00 0.05 -0.03
-0.00 0.05 -0.04
0.02 0.02 -0.04
-0.00 0.04 -0.01
-0.03 0.06 -0.02
0.02 0.06 0.01
-0.04 0.06 0.02
-0.02 0.06 0.04
-0.06 0.10 0.02
-0.08 0.18 0.03
-0.13 0.29 0.07
-0.18 0.44 0.18
-0.22 0.54 0.21
-0.15 0.64 0.29
-0.04 0.60 0.41
-0.08 0.60 0.49
0.09 0.27 0.41
0.46 -0.20 0.30
0.71 -0.56 0.09
0.69 -0.74 0.14
0.59 -0.86 0.20
0.26 -0.88 0.10
0.58 -0.87 0.02
0.41 -0.79 -0.34
0.17 -0.41 -0.53
0.10 -0.12 -0.65
0.16 -0.03 -0.72
0.15 -0.06 -0.81
0.08 0.04 -0.81
0.02 0.12 -0.52
-0.03 0.14 -0.24
-0.07 0.11 -0.11
-0.12 0.09 -0.03
-0.14 0.11 0.06
-0.17 0.10 0.14
-0.18 0.01 0.21
-0.20 -0.08 0.27
-0.20 -0.17 0.26
-0.11 -0.14 0.16
-0.11 -0.04 0.18
0.35 0.01 0.01
-0.30 0.26 0.44
-0.04 0.07 0.24
-0.15 0.09 0.21
-0.10 0.08 0.24
-0.18 0.01 0.17
-0.17 0.10 0.08
-0.20 0.16 0.09
-0.28 0.26 0.05
-0.35 0.36 0.11
-0.52 0.42 0.26
-0.47 0.47 0.39
-0.34 0.28 0.49
-0.31 0.13 0.07
-0.02 -0.21 0.08
-0.03 -0.17 -0.11
-0.16 -0.05 0.03
0.13 -0.21 -0.22
-0.01 -0.04 0.01
0.16 -0.05 -0.17
0.15 -0.07 -0.15
0.19 -0.11 -0.10
0.08 -0.15 0.05
0.11 -0.15 0.07
0.12 -0.12 0.07
0.17 -0.11 -0.01
0.16 -0.06 -0.06
0.16 -0.04 -0.08
0.18 -0.05 -0.06
0.18 -0.08 -0.06
0.19 -0.04 0.01
0.17 -0.15 0.09
0.31 -0.32 -0.09
0.20 -0.36 -0.31
0.34 -0.38 -0.44
0.46 -0.45 -0.76
-0.05 -0.10 -0.34
-0.10 -0.22 -0.39
-0.01 0.08 0.31
0.56 0.26 0.01
-0.23 0.71 -0.34
-0.21 0.34 0.12
-0.51 -0.05 0.48
-0.41 -0.01 0.44
-0.25 0.08 0.30
-0.33 -0.10 0.15
-0.32 0.14 0.36
-0.13 -0.01 0.16
-0.02 0.16 -0.07
-0.05 0.20 -0.08
-0.06 0.12 -0.02
-0.04 0.06 -0.04
0.01 0.01 -0.04
0.05 -0.01 -0.08
0.03 -0.02 -0.08
-0.02 -0.03 -0.05
-0.02 -0.08 -0.02
-0.02 -0.05 -0.03
0.00 -0.07 -0.03
0.01 -0.18 -0.08
0.09 -0.23 -0.00
0.00 0.03 0.06
-0.10 0.20 -0.01
-0.04 0.02 -0.02
-0.01 0.01 -0.03
-0.01 0.01 -0.00
-0.02 0.02 0.03
-0.04 -0.01 0.05
-0.03 -0.03 0.04
-0.04 -0.04 0.04
-0.03 -0.02 0.03
0.21 -0.10 -0.15
-0.04 0.01 0.00
0.04 -0.04 -0.05
-0.00 0.03 -0.03
-0.04 0.04 0.01
-0.04 0.02 0.03
-0.05 0.02 -0.00
-0.04 -0.01 0.02
-0.02 -0.06 0.01
0.01 -0.02 -0.01
0.04 -0.03 -0.08
0.03 -0.01 -0.05
-0.04 0.00 -0.05
0.01 0.01 -0.00
-0.02 0.00 -0.01
-0.01 0.01 0.06
-0.08 -0.01 -0.00
0.02 0.00 0.03
0.01 0.02 -0.02
0.01 0.01 -0.03
0.00 0.00 -0.01
-0.01 -0.00 -0.00
-0.00 -0.01 0.01
0.00 0.00 0.02
0.00 0.00 0.00
0.01 0.02 -0.01
-0.01 0.01 -0.01
0.01 0.01 -0.04
0.04 0.01 -0.00
-0.02 0.04 0.00
-0.03 -0.04 -0.04
