0.00 -0.01 0.00
-0.01 -0.01 -0.02
0.00 -0.00 -0.02
-0.01 0.00 -0.03
-0.00 0.00 -0.02
-0.01 0.03 0.01
0.00 -0.01 0.01
0.00 -0.00 0.02
-0.01 -0.01 0.02
0.01 -0.00 -0.01
0.00 -0.00 -0.01
-0.01 0.00 -0.02
-0.00 0.01 -0.00
-0.01 0.00 0.01
0.00 -0.00 0.03
-0.01 -0.01 -0.00
0.01 -0.01 0.02
-0.01 0.01 -0.02
0.00 -0.02 -0.02
0.00 0.01 -0.05
0.00 -0.00 -0.03
0.01 -0.01 -0.02
-0.01 -0.00 -0.02
-0.01 -0.00 -0.05
0.01 -0.00 -0.06
0.01 0.00 -0.10
0.00 0.01 -0.13
0.01 0.02 -0.10
0.02 0.04 -0.03
0.04 0.01 -0.08
0.05 0.01 -0.06
-0.01 0.03 -0.09
0.06 -0.04 -0.01
-0.00 -0.01 -0.04
0.00 0.01 -0.00
-0.00 -0.01 -0.01
0.00 -0.01 -0.01
-0.01 0.03 0.06
-0.04 0.05 0.09
-0.05 0.05 0.04
0.00 -0.02 0.13
0.00 -0.03 0.16
-0.00 0.00 0.17
0.02 -0.02 0.25
-0.01 0.01 0.22
0.01 0.00 0.25
0.04 -0.02 0.28
0.04 -0.06 0.20
0.00 -0.00 0.18
0.03 0.02 0.21
-0.04 0.01 0.07
-0.02 0.03 0.05
-0.01 0.01 0.01
-0.02 0.01 -0.03
-0.01 0.01 -0.09
0.06 -0.04 0.02
0.06 -0.03 0.04
0.06 -0.01 0.04
0.07 0.02 0.07
0.08 0.02 0.03
0.10 0.01 0.05
0.10 0.03 -0.02
0.12 0.01 -0.06
0.11 -0.02 -0.06
0.07 -0.04 -0.01
0.04 -0.05 0.05
-0.00 -0.01 -0.05
-0.01 -0.05 0.00
-0.02 0.03 0.04
-0.07 0.14 -0.13
-0.14 0.18 -0.17
-0.06 0.10 -0.32
-0.10 0.03 -0.31
-0.09 -0.01 -0.25
-0.14 -0.02 -0.20
-0.20 0.03 -0.15
-0.15 -0.03 0.03
-0.10 0.01 -0.04
-0.16 -0.04 -0.28
-0.01 0.04 -0.11
-0.19 0.05 -0.25
-0.13 0.08 -0.13
-0.05 -0.01 -0.02
0.01 -0.02 0.11
0.06 -0.04 0.14
0.03 0.05 0.06
-0.07 0.09 -0.12
-0.03 0.03 -0.16
0.02 -0.04 -0.13
0.03 -0.04 -0.14
0.04 -0.02 -0.06
0.04 0.02 0.02
-0.02 0.11 -0.00
-0.04 0.11 -0.03
-0.13 0.14 0.02
-0.06 0.44 -0.07
-0.12 -0.04 -0.35
-0.01 0.04 0.18
0.08 -0.06 0.10
0.10 -0.03 0.04
0.14 -0.09 0.01
0.17 -0.14 -0.02
0.19 -0.19 -0.08
0.14 -0.15 -0.17
0.09 -0.02 -0.15
0.04 0.14 0.01
0.15 0.08 0.45
0.23 0.01 0.70
0.11 0.04 0.64
0.03 -0.01 0.48
0.10 -0.04 0.35
-0.01 0.04 0.18
-0.05 0.11 0.08
0.02 -0.03 0.12
0.11 -0.11 0.31
0.05 -0.13 0.20
-0.00 -0.12 0.16
-0.09 -0.04 0.05
-0.11 -0.04 -0.06
-0.11 -0.01 -0.14
-0.09 -0.00 -0.23
-0.10 -0.02 -0.30
-0.09 0.01 -0.26
-0.09 0.06 -0.16
-0.10 0.02 -0.17
-0.03 -0.03 -0.09
-0.02 -0.02 -0.05
-0.01 0.01 -0.07
-0.03 0.01 -0.10
-0.02 0.02 -0.11
-0.02 0.01 -0.12
-0.11 0.03 -0.14
0.05 -0.11 0.01
0.01 -0.01 0.03
-0.01 0.04 0.02
0.01 -0.03 0.02
0.03 -0.02 0.02
0.01 0.01 0.03
-0.00 0.01 -0.01
0.01 -0.03 0.00
0.01 -0.01 0.03
-0.01 0.02 0.03
-0.03 0.04 0.02
-0.02 0.02 -0.02
-0.01 0.02 -0.03
-0.00 0.00 -0.02
0.02 -0.04 -0.01
0.03 -0.04 0.02
-0.01 0.01 -0.00
0.17 0.05 -0.13
