-0.03 0.02 0.05
-0.05 0.04 0.06
-0.08 0.06 0.07
-0.04 0.04 0.04
0.02 -0.02 0.00
0.00 -0.03 -0.02
0.02 -0.03 -0.03
0.02 -0.02 -0.01
-0.00 0.03 0.01
-0.03 0.06 -0.01
-0.01 0.08 -0.05
0.01 0.10 -0.05
0.01 0.10 -0.04
-0.04 0.10 -0.01
-0.13 0.12 -0.03
-0.19 0.19 0.02
-0.24 0.33 0.10
-0.21 0.55 0.25
-0.24 0.74 0.40
-0.24 0.73 0.32
-0.15 0.57 0.29
-0.08 0.30 0.33
0.09 0.06 0.30
0.29 -0.23 0.14
0.50 -0.38 0.08
0.56 -0.52 0.01
0.57 -0.56 0.01
0.48 -0.54 0.07
0.65 -0.62 -0.15
0.78 -0.79 -0.39
0.66 -0.89 -0.61
0.62 -0.72 -0.94
0.34 -0.28 -0.92
0.15 -0.05 -0.81
0.09 0.13 -0.59
-0.06 0.13 -0.30
-0.20 0.16 -0.06
-0.26 0.21 0.12
-0.35 0.28 0.23
-0.35 0.28 0.35
-0.33 0.20 0.42
-0.32 0.09 0.46
-0.29 -0.10 0.46
-0.44 0.04 0.59
-0.34 0.03 0.43
-0.42 0.09 0.33
-0.53 0.28 0.43
-0.52 0.29 0.48
-0.42 0.28 0.35
-0.40 0.33 0.19
-0.33 0.48 0.14
-0.33 0.43 0.07
-0.27 0.29 -0.11
0.08 0.25 -0.14
0.16 -0.11 0.06
0.21 -0.24 -0.24
0.33 -0.45 -0.25
0.35 -0.37 -0.33
0.31 -0.23 -0.27
0.40 -0.19 -0.33
0.18 -0.05 -0.03
0.36 -0.09 -0.17
0.42 -0.27 -0.01
0.51 -0.50 -0.19
0.51 -0.58 -0.41
0.34 -0.68 -0.62
0.08 -0.46 -0.56
-0.11 -0.08 -0.27
-0.01 0.15 -0.11
0.05 0.21 -0.27
0.16 -0.24 -0.33
-0.09 0.32 -0.00
-0.41 0.42 0.01
-0.40 0.50 0.45
-0.40 0.39 0.42
-0.28 0.30 0.29
-0.19 0.19 0.14
-0.14 0.10 0.12
-0.15 0.06 0.14
0.04 -0.04 0.01
0.00 -0.06 -0.05
0.01 -0.08 -0.01
-0.09 -0.06 0.03
-0.11 -0.01 0.08
-0.04 -0.01 -0.00
-0.05 -0.01 0.03
-0.03 0.00 -0.00
0.01 -0.01 -0.03
0.05 -0.04 -0.10
0.05 -0.04 -0.09
0.01 -0.02 -0.06
-0.02 0.01 -0.00
-0.01 -0.00 -0.01
0.02 -0.01 -0.03
0.01 -0.01 -0.05
0.01 -0.02 -0.02
0.04 -0.01 0.04
0.06 -0.19 -0.09
0.07 -0.22 -0.09
0.00 -0.11 0.00
-0.06 0.06 0.10
-0.08 0.05 0.05
-0.04 0.02 0.09
-0.04 0.01 0.08
-0.04 0.02 0.06
0.09 -0.01 -0.03
0.06 -0.05 -0.12
0.05 0.01 -0.06
0.01 0.06 0.00
0.00 0.08 0.00
-0.13 0.15 0.07
0.12 0.03 -0.05
-0.03 0.00 0.05
-0.05 -0.03 0.04
-0.05 -0.01 0.02
0.01 -0.02 -0.03
-0.01 0.13 0.05
0.03 0.04 -0.04
-0.06 0.02 0.04
-0.01 0.02 0.03
-0.02 0.01 0.02
-0.05 -0.03 0.02
-0.02 -0.04 0.03
-0.00 -0.02 -0.02
-0.00 -0.02 0.01
0.00 -0.02 -0.00
-0.01 0.05 0.03
0.03 0.10 0.01
0.00 0.14 0.02
-0.04 -0.04 -0.01
-0.01 -0.05 0.04
-0.01 0.01 -0.00
-0.01 0.01 0.04
-0.02 -0.05 -0.01
0.01 -0.01 -0.02
0.02 0.01 -0.01
-0.01 0.05 0.00
-0.02 0.04 0.02
-0.00 0.03 0.01
-0.00 0.01 0.00
0.01 -0.03 -0.01
-0.01 -0.06 -0.01
0.01 -0.03 -0.01
0.01 -0.00 -0.01
0.00 0.01 -0.00
0.01 0.01 -0.01
-0.00 -0.01 0.00
0.00 0.00 0.00
0.00 0.00 -0.00
-0.01 -0.01 0.00
