0.00 0.00 0.01
-0.00 0.01 0.01
-0.00 -0.01 0.01
0.01 -0.02 0.03
-0.01 0.01 0.00
-0.02 0.00 0.02
-0.01 0.00 0.04
-0.02 0.02 -0.08
-0.02 0.01 -0.06
-0.03 0.00 0.05
-0.03 -0.01 0.10
-0.04 -0.04 0.10
-0.09 0.00 0.10
-0.09 0.05 0.06
-0.11 0.08 0.03
-0.11 0.09 -0.02
-0.06 -0.02 -0.02
-0.01 -0.02 -0.05
-0.03 0.14 -0.04
-0.14 0.34 -0.35
0.01 0.05 -0.34
0.15 -0.12 -0.12
0.21 -0.15 -0.04
0.16 -0.04 -0.08
0.19 -0.07 -0.10
0.19 -0.09 -0.13
0.11 -0.04 -0.25
0.12 -0.09 0.00
0.12 -0.11 0.08
0.07 -0.06 -0.07
0.04 0.02 -0.09
-0.03 0.04 -0.03
0.09 -0.03 0.08
0.06 -0.04 0.04
0.07 -0.01 0.07
0.05 0.09 0.13
-0.03 0.16 0.06
-0.03 0.20 0.07
0.03 0.13 0.01
0.04 0.13 -0.06
0.03 0.03 -0.23
0.12 -0.06 0.01
0.13 -0.08 0.12
0.08 -0.01 0.19
0.08 -0.03 0.20
-0.00 -0.01 0.14
0.01 -0.06 0.15
0.00 -0.11 0.05
0.01 -0.13 0.05
-0.03 -0.10 0.04
-0.01 -0.11 0.09
0.00 -0.11 0.15
-0.01 -0.08 0.21
-0.03 -0.03 0.23
-0.06 -0.00 0.19
-0.07 0.02 0.10
-0.06 0.00 0.01
-0.07 -0.00 -0.04
-0.05 -0.02 -0.02
-0.05 -0.03 0.02
-0.05 -0.02 0.07
-0.08 -0.01 0.08
-0.08 0.02 0.12
-0.07 0.01 0.13
-0.09 -0.02 0.05
-0.10 -0.03 0.04
-0.10 0.00 -0.03
-0.10 0.06 -0.02
-0.13 0.05 -0.04
-0.14 0.05 0.04
-0.14 0.01 0.07
-0.14 0.06 0.04
-0.11 0.04 0.04
-0.10 0.07 -0.05
-0.11 0.06 -0.12
-0.10 0.07 -0.11
-0.09 -0.03 -0.15
-0.06 -0.04 0.03
-0.01 -0.03 0.09
-0.05 0.08 0.04
-0.01 0.12 -0.06
-0.06 0.17 -0.29
-0.07 0.19 -0.33
-0.02 0.12 -0.27
0.04 0.03 -0.10
0.13 -0.06 0.01
0.13 0.04 -0.03
0.07 0.13 -0.17
0.04 0.12 -0.34
0.10 -0.01 -0.33
0.15 -0.08 -0.15
0.13 -0.12 0.01
0.12 -0.09 -0.01
-0.03 -0.04 -0.16
0.07 0.03 -0.02
0.07 -0.03 0.02
-0.01 -0.09 -0.06
0.14 -0.10 0.13
0.10 -0.19 0.19
0.04 -0.03 0.27
-0.03 0.01 0.16
-0.03 -0.01 0.18
-0.01 -0.04 0.13
-0.01 -0.05 0.03
-0.05 -0.01 -0.06
-0.04 0.02 -0.05
-0.05 0.03 -0.02
-0.02 0.01 0.02
0.00 0.00 0.09
-0.01 0.01 0.04
0.01 -0.01 0.01
0.03 -0.02 0.01
0.02 -0.05 -0.00
0.01 -0.04 -0.03
0.01 0.00 -0.02
0.00 0.01 0.03
0.00 -0.01 0.02
0.00 0.00 0.03
0.01 -0.03 0.05
0.00 -0.01 0.01
-0.01 -0.01 -0.02
-0.01 0.01 -0.01
-0.04 0.03 -0.07
-0.01 0.00 -0.02
0.00 -0.01 0.02
-0.01 0.02 0.01
-0.01 0.02 0.03
-0.01 0.03 0.03
0.01 -0.00 0.02
0.00 0.00 -0.00
-0.00 -0.01 -0.02
0.01 -0.00 -0.02
0.00 0.00 -0.00
0.01 -0.01 0.00
0.00 0.01 0.00
-0.02 0.03 -0.00
-0.01 -0.00 0.00
0.01 -0.01 0.02
0.01 -0.03 0.03
0.00 -0.03 -0.00
0.00 -0.01 -0.04
0.00 0.00 -0.03
-0.00 0.01 -0.04
0.00 0.03 -0.03
-0.01 0.00 0.00
0.01 -0.01 0.03
0.01 -0.02 0.02
0.01 -0.02 0.02
-0.00 -0.01 -0.01
0.00 -0.00 0.01
