0.00 -0.02 -0.02
0.00 -0.00 -0.01
0.01 0.00 -0.06
0.00 0.01 -0.01
-0.01 0.04 0.02
-0.01 -0.00 0.00
-0.00 -0.01 0.02
-0.00 -0.00 0.03
0.00 -0.03 -0.00
-0.00 -0.02 -0.01
0.01 -0.01 -0.02
-0.01 -0.00 -0.04
0.00 0.00 -0.01
0.00 0.02 0.02
0.00 0.01 0.04
-0.01 0.01 0.01
0.00 -0.03 0.03
-0.01 0.02 0.01
-0.00 -0.02 -0.04
0.01 -0.02 -0.03
-0.00 0.01 -0.02
-0.00 0.00 0.02
0.00 -0.00 -0.01
-0.01 0.00 -0.00
-0.00 -0.01 0.01
-0.01 0.00 0.03
-0.00 -0.00 0.04
-0.01 -0.00 0.01
0.02 -0.05 0.04
0.04 -0.06 0.04
0.08 -0.04 0.03
0.15 -0.03 -0.07
0.22 -0.10 -0.25
0.29 0.03 -0.58
0.28 0.26 -0.92
0.17 0.41 -1.20
0.03 0.48 -1.31
-0.39 0.60 -0.67
-0.23 0.68 0.10
-0.40 0.51 0.89
-0.59 0.26 1.43
-0.81 0.18 1.79
-0.65 0.01 2.00
-0.38 0.00 2.00
0.05 -0.31 2.00
0.33 -0.82 0.99
0.66 -0.86 0.35
1.30 -1.49 0.11
1.29 -1.43 0.04
1.22 -0.81 -0.50
1.30 -0.68 -0.98
1.21 -0.24 -1.19
1.04 -0.13 -1.24
0.63 0.53 -1.39
0.38 1.32 -1.61
-0.39 1.53 -2.00
-0.86 0.82 -2.00
-0.95 0.66 -1.74
-0.95 0.46 -0.62
-0.69 0.52 -0.19
-0.74 0.70 -0.07
-0.79 0.69 1.37
-0.90 0.84 2.00
-1.04 0.29 1.98
-0.60 -0.45 1.92
-0.30 -0.42 1.60
-0.16 -0.30 1.73
-0.09 -0.97 1.69
0.12 -1.45 1.43
0.11 -1.45 0.71
0.34 -1.27 -0.83
0.26 -0.59 -1.26
0.20 0.05 -0.82
0.08 0.32 -1.13
0.09 0.35 -1.27
-0.04 0.43 -1.04
-0.10 0.43 -0.74
-0.06 0.26 -0.44
-0.06 0.13 -0.09
-0.18 0.24 -0.01
-0.13 0.14 0.19
-0.11 0.07 0.15
-0.03 -0.03 0.11
-0.04 -0.02 0.05
-0.01 -0.09 0.07
0.04 -0.19 -0.05
0.01 -0.06 -0.17
0.02 -0.03 -0.07
-0.02 0.04 -0.04
0.00 0.05 0.08
0.01 -0.00 0.11
0.02 0.00 0.10
0.01 -0.00 0.04
-0.00 -0.05 0.00
0.02 -0.07 -0.01
-0.01 -0.03 -0.03
0.02 -0.03 0.09
-0.00 -0.01 0.06
-0.01 0.01 0.04
0.01 -0.00 -0.02
-0.02 0.01 -0.10
-0.01 0.02 -0.13
-0.01 0.02 -0.10
-0.02 0.07 -0.04
-0.02 0.08 0.00
-0.02 0.01 0.04
-0.00 -0.05 0.04
-0.01 -0.01 0.04
0.01 -0.04 0.02
0.01 -0.04 -0.02
0.04 -0.01 -0.04
0.00 0.00 -0.02
-0.00 -0.00 0.02
-0.00 -0.00 0.04
-0.00 -0.03 0.05
-0.01 0.00 0.03
-0.01 -0.00 0.01
-0.00 0.03 -0.02
0.01 0.01 -0.05
0.00 0.02 0.00
-0.01 0.02 0.03
0.00 -0.04 0.05
-0.00 -0.00 0.07
0.01 -0.02 0.05
-0.03 -0.01 -0.02
0.00 -0.00 -0.08
-0.00 0.03 -0.08
-0.00 0.02 -0.06
-0.01 0.02 0.01
0.00 -0.02 -0.00
0.02 -0.05 0.02
0.01 -0.01 0.02
-0.01 -0.01 0.05
0.01 -0.05 0.07
0.00 0.02 -0.01
-0.00 0.00 -0.04
0.01 0.02 -0.04
-0.01 0.02 -0.04
-0.01 -0.00 0.01
-0.01 -0.00 -0.00
-0.02 0.01 0.03
0.01 -0.03 0.04
0.00 -0.02 0.01
0.00 -0.01 -0.01
-0.01 0.03 -0.04
0.02 -0.02 -0.02
-0.01 0.02 -0.03
-0.02 0.02 -0.03
-0.00 -0.01 0.01
-0.01 -0.00 0.02
