-0.00 -0.02 0.01
0.01 0.00 0.02
-0.00 0.03 -0.01
0.01 -0.00 0.02
-0.01 -0.01 -0.00
0.00 -0.02 -0.02
-0.01 0.00 -0.04
-0.00 -0.01 -0.02
0.00 -0.02 0.02
-0.00 0.00 0.02
0.01 0.00 -0.02
-0.00 0.01 0.01
0.00 -0.00 -0.02
0.00 -0.01 -0.03
-0.00 -0.03 0.03
0.00 -0.01 0.03
0.00 -0.04 -0.02
0.06 -0.02 -0.00
0.05 -0.07 -0.07
0.10 -0.01 -0.00
0.17 -0.09 -0.04
0.23 -0.01 -0.20
0.39 0.11 -0.55
0.33 0.38 -0.92
0.87 0.30 -1.14
-0.14 1.06 -0.93
-0.05 0.54 -0.55
-0.18 0.65 0.52
-0.42 0.53 0.95
-0.74 0.52 1.54
-1.06 0.13 1.91
-1.05 -0.09 2.00
-0.71 -0.14 2.00
-0.17 -0.36 1.91
0.36 -0.84 0.71
0.91 -0.98 0.25
1.33 -1.22 0.08
1.69 -1.55 0.03
1.77 -1.32 0.01
1.63 -1.12 -0.90
1.65 -0.39 -1.08
1.14 0.23 -1.27
0.41 0.36 -1.56
0.13 1.44 -1.96
-0.32 1.48 -2.00
-0.49 0.75 -2.00
-1.05 0.95 -0.99
-1.09 1.23 -0.35
-0.94 1.26 -0.11
-0.94 1.08 1.73
-1.29 1.09 2.00
-1.26 0.39 2.00
-1.19 0.19 1.10
-1.02 -0.16 1.25
0.31 -1.60 1.26
0.52 -1.20 1.25
0.42 -0.79 1.07
0.43 -1.84 1.30
0.27 -1.22 0.65
0.06 -0.50 -0.70
0.21 -0.20 -0.70
-0.01 0.14 -0.77
0.03 0.27 -1.09
-0.09 0.51 -1.17
-0.07 0.37 -1.13
-0.12 0.26 -0.96
-0.14 0.20 -0.39
-0.21 0.30 -0.19
-0.15 0.19 -0.10
-0.10 0.06 0.08
-0.08 -0.00 0.09
0.00 -0.09 0.18
0.01 -0.14 0.21
0.04 -0.20 0.18
0.06 -0.13 0.15
-0.03 0.05 -0.00
0.00 0.04 -0.01
-0.02 0.09 -0.06
0.02 0.05 -0.02
0.00 0.06 -0.10
-0.00 0.04 0.04
0.02 -0.05 0.02
0.02 -0.04 0.06
0.02 -0.08 0.02
0.00 -0.02 0.02
0.01 -0.03 0.00
0.01 -0.05 0.04
-0.01 0.05 -0.00
0.01 -0.04 0.01
0.00 -0.02 0.02
-0.03 0.04 -0.04
-0.02 0.06 -0.03
-0.04 0.07 -0.10
-0.02 0.06 -0.08
-0.03 0.06 -0.10
0.02 -0.02 0.04
0.02 -0.05 0.09
0.04 -0.09 0.04
0.02 -0.06 0.07
0.02 -0.01 0.06
-0.01 0.01 0.01
-0.02 0.05 0.00
0.01 -0.01 -0.04
0.01 -0.03 -0.01
-0.00 -0.02 -0.02
-0.02 -0.00 0.00
-0.01 0.00 0.01
-0.02 -0.00 0.00
-0.01 0.01 0.05
-0.02 0.06 0.02
-0.02 0.03 -0.01
0.02 -0.01 0.01
0.01 -0.01 -0.01
0.03 -0.03 -0.00
0.02 -0.06 -0.02
0.00 0.01 -0.05
-0.00 0.02 -0.04
-0.00 -0.01 0.01
-0.00 0.00 0.08
0.00 -0.03 -0.00
0.02 -0.03 0.01
0.02 -0.03 0.01
-0.02 0.06 -0.07
-0.01 0.03 -0.01
-0.02 0.04 -0.03
-0.01 0.00 -0.01
-0.01 -0.01 0.02
0.01 -0.02 0.01
0.02 -0.05 -0.01
0.01 -0.01 -0.02
0.01 0.02 -0.03
-0.02 0.03 0.03
-0.00 0.02 0.04
-0.00 0.02 0.02
0.02 -0.04 0.03
0.01 0.00 -0.02
0.00 0.01 -0.04
-0.00 0.01 -0.02
-0.01 0.02 -0.02
-0.01 0.01 -0.02
0.01 0.03 0.04
-0.00 0.01 0.02
0.00 0.01 0.02
0.01 -0.03 -0.01
0.00 -0.07 0.01
0.01 -0.02 -0.01
-0.00 0.02 -0.03
-0.01 0.02 -0.05
0.01 -0.01 0.02
-0.00 0.02 0.02
