-0.01 0.01 -0.01
-0.01 0.03 0.03
0.01 -0.01 0.02
0.00 -0.00 0.04
0.01 -0.04 0.02
0.01 -0.03 0.00
-0.00 0.01 -0.03
-0.01 0.02 -0.05
-0.01 0.01 -0.03
0.00 -0.01 -0.04
-0.00 0.02 -0.01
-0.01 0.01 0.02
0.00 0.00 0.05
0.01 -0.04 0.02
0.00 0.00 -0.00
0.00 -0.01 -0.03
0.00 0.00 -0.03
0.00 -0.00 -0.03
0.00 -0.01 -0.03
0.02 -0.01 -0.03
0.04 -0.04 -0.08
0.06 -0.02 -0.08
0.04 0.00 -0.09
0.04 0.03 -0.12
0.06 0.00 -0.12
0.05 0.08 -0.19
0.03 0.21 -0.25
-0.03 0.26 -0.33
-0.01 0.19 -0.25
-0.03 0.20 -0.24
-0.03 0.13 0.01
-0.05 0.10 0.31
-0.09 0.09 0.42
-0.09 0.03 0.47
-0.14 0.06 0.39
-0.11 0.03 0.30
-0.13 0.06 0.25
-0.10 0.04 0.27
-0.10 0.06 0.31
-0.03 -0.08 0.33
0.07 -0.18 0.40
0.12 -0.18 0.46
0.07 -0.15 0.37
0.13 -0.25 0.19
0.17 -0.33 0.04
0.15 -0.35 -0.04
0.16 -0.30 -0.10
0.14 -0.25 -0.25
0.17 -0.30 -0.22
0.11 -0.28 -0.20
0.09 -0.19 -0.15
0.05 -0.09 -0.14
0.06 -0.04 -0.13
0.05 0.05 -0.15
0.07 0.04 -0.12
0.07 0.09 -0.13
0.07 0.08 -0.19
0.08 0.07 -0.17
0.05 0.07 -0.18
0.07 0.08 -0.16
0.05 0.12 -0.21
0.03 0.16 -0.25
0.06 0.07 -0.21
0.04 0.06 -0.12
0.03 0.14 -0.14
-0.05 0.20 -0.27
-0.04 0.13 -0.25
0.00 0.01 -0.17
-0.02 0.02 -0.19
-0.01 0.10 -0.11
-0.04 0.17 -0.06
-0.08 0.28 -0.07
-0.06 0.33 -0.13
-0.10 0.30 -0.21
-0.09 0.22 -0.13
-0.09 0.17 0.04
-0.04 0.10 0.16
-0.05 0.07 0.15
-0.02 -0.00 0.12
-0.02 0.01 0.13
-0.02 0.06 0.16
-0.03 0.06 0.19
-0.03 0.02 0.28
-0.05 -0.07 0.44
-0.09 -0.08 0.45
-0.11 -0.04 0.42
-0.09 -0.06 0.32
-0.08 -0.09 0.26
-0.09 -0.14 0.32
-0.06 -0.19 0.26
-0.09 -0.15 0.29
-0.03 -0.24 0.30
-0.04 -0.23 0.06
-0.01 -0.29 -0.08
0.01 -0.25 -0.17
0.03 -0.19 -0.13
0.02 -0.06 -0.15
-0.01 -0.08 -0.12
-0.04 0.03 -0.15
0.00 0.06 -0.21
0.01 0.07 -0.25
0.02 0.03 -0.22
0.03 0.00 -0.18
0.02 0.05 -0.22
0.03 0.07 -0.18
-0.01 0.07 -0.11
0.02 0.05 -0.03
-0.02 0.10 -0.04
-0.00 0.04 -0.02
-0.00 0.01 0.01
0.01 -0.06 0.05
-0.01 -0.02 0.05
-0.02 0.01 -0.01
-0.02 0.03 -0.00
-0.01 0.04 -0.07
-0.04 0.05 -0.03
-0.00 -0.01 0.07
-0.02 -0.00 0.02
-0.00 0.00 0.01
0.01 -0.04 0.03
0.02 -0.05 0.03
0.01 0.00 -0.03
0.01 0.02 -0.07
0.01 0.02 -0.04
-0.01 0.03 -0.02
-0.01 0.01 0.02
0.00 -0.01 0.04
-0.00 -0.01 -0.01
-0.00 0.00 -0.01
0.00 -0.02 -0.01
0.01 -0.01 -0.01
0.00 -0.00 -0.01
0.00 -0.02 0.02
-0.00 0.01 -0.01
0.00 -0.01 0.00
0.00 -0.00 0.01
0.01 -0.01 0.00
-0.01 0.03 -0.01
0.00 -0.00 0.00
0.01 -0.02 -0.01
0.00 0.01 -0.03
-0.00 0.02 -0.01
0.00 0.01 0.00
0.00 -0.01 0.01
0.00 -0.01 0.04
-0.01 -0.01 0.02
0.00 -0.01 0.01
0.00 -0.01 0.00
-0.00 -0.00 -0.03
0.00 0.03 -0.01
