-0.00 0.04 -0.08
0.00 0.00 -0.01
-0.00 0.01 0.05
0.01 -0.00 0.03
-0.02 0.02 -0.02
0.00 -0.04 0.00
0.02 -0.05 0.01
-0.01 0.02 -0.01
0.00 -0.02 -0.02
0.00 0.03 -0.04
-0.00 0.01 -0.03
-0.01 0.03 0.02
-0.01 0.00 0.01
0.00 -0.01 0.04
0.00 -0.02 0.02
0.00 0.02 -0.03
0.00 0.02 -0.02
0.00 -0.02 -0.02
0.01 -0.03 -0.03
0.00 0.01 -0.00
-0.00 -0.02 0.02
0.01 -0.00 0.02
0.01 -0.04 0.00
0.04 -0.08 -0.02
0.09 -0.03 -0.06
0.06 -0.05 -0.20
0.09 -0.08 -0.25
0.08 0.04 -0.38
0.02 0.24 -0.39
-0.03 0.36 -0.31
-0.01 0.36 -0.28
0.03 0.31 -0.13
-0.00 0.16 0.06
0.05 -0.02 0.19
0.05 0.04 0.40
-0.07 0.08 0.52
-0.06 -0.00 0.56
-0.07 -0.07 0.62
-0.08 -0.02 0.61
-0.08 -0.06 0.67
-0.07 -0.04 0.66
-0.06 -0.00 0.49
0.04 -0.05 0.31
0.08 -0.13 0.14
0.13 -0.14 0.14
0.10 -0.15 -0.05
0.12 -0.24 -0.09
0.18 -0.34 -0.21
0.17 -0.36 -0.32
0.12 -0.26 -0.32
0.11 -0.24 -0.29
0.05 -0.12 -0.29
0.07 -0.09 -0.21
0.10 -0.10 -0.14
0.11 -0.10 -0.15
0.11 -0.02 -0.19
0.08 -0.02 -0.26
0.10 0.00 -0.31
0.05 0.08 -0.30
0.02 0.14 -0.27
0.01 0.11 -0.18
0.02 0.08 -0.03
0.04 0.07 -0.08
0.03 0.16 -0.20
0.02 0.17 -0.41
-0.03 0.23 -0.55
-0.08 0.24 -0.55
-0.13 0.18 -0.43
-0.10 0.19 -0.18
-0.16 0.28 -0.13
-0.16 0.36 -0.02
-0.12 0.26 0.10
-0.11 0.18 0.15
-0.02 0.10 0.15
0.04 0.00 0.18
0.05 -0.10 0.17
0.09 -0.13 0.25
0.04 -0.04 0.21
0.04 -0.08 0.30
0.01 -0.06 0.33
-0.02 -0.01 0.27
-0.01 -0.03 0.31
-0.09 0.02 0.37
-0.09 0.06 0.38
-0.12 0.04 0.26
-0.09 -0.09 0.19
0.00 -0.15 0.20
0.06 -0.20 0.30
0.02 -0.24 0.36
-0.08 -0.20 0.34
-0.13 -0.13 0.32
-0.11 -0.12 0.22
-0.10 -0.13 0.01
-0.10 -0.05 -0.11
-0.23 -0.06 -0.33
0.00 -0.06 -0.27
-0.06 0.03 -0.18
-0.02 -0.08 -0.19
-0.03 -0.05 -0.25
0.01 -0.01 -0.26
-0.01 0.03 -0.22
0.01 0.01 -0.22
0.00 0.06 -0.24
0.01 0.05 -0.18
0.03 0.02 -0.12
0.01 0.04 -0.00
-0.02 0.03 0.08
-0.01 -0.02 0.07
-0.00 0.01 0.02
-0.01 0.02 -0.06
-0.00 0.02 -0.06
0.00 0.00 -0.04
0.02 -0.01 -0.05
0.03 -0.03 -0.02
-0.01 0.01 -0.02
-0.02 0.06 0.04
-0.02 0.03 0.01
-0.01 0.03 0.01
-0.02 0.04 0.00
0.00 -0.03 0.03
0.01 -0.05 0.01
0.01 -0.05 -0.04
0.00 -0.00 -0.03
-0.01 0.01 0.00
-0.01 0.01 0.03
-0.00 -0.02 0.03
-0.01 0.00 0.02
-0.01 -0.00 -0.03
0.00 0.01 -0.05
-0.02 0.04 -0.10
0.01 -0.02 -0.03
0.01 -0.03 0.02
-0.01 -0.00 0.02
0.02 -0.02 0.05
0.00 -0.01 0.02
-0.01 0.02 0.01
-0.01 0.00 0.01
0.00 -0.02 -0.01
0.00 0.01 -0.05
0.00 0.01 -0.05
0.01 -0.00 -0.01
-0.00 0.01 0.02
0.00 0.00 0.03
0.01 -0.02 0.01
-0.00 -0.00 0.05
-0.00 0.00 -0.01
0.00 -0.01 -0.01
0.01 -0.03 -0.01
-0.00 -0.00 -0.01
0.00 -0.01 0.01
