-0.04 0.08 0.00
0.04 0.06 0.00
-0.02 0.02 -0.06
-0.01 0.02 -0.03
-0.00 0.05 0.03
-0.01 0.05 0.00
0.02 0.08 -0.01
0.02 0.08 -0.01
-0.01 0.08 -0.03
-0.01 0.06 -0.01
-0.02 0.05 -0.02
0.01 0.08 -0.01
0.00 0.09 0.01
0.00 0.08 -0.00
0.01 0.08 -0.02
0.02 0.13 -0.01
0.02 0.11 0.04
0.00 0.11 0.04
0.00 0.11 0.09
-0.02 0.14 0.15
-0.02 0.24 0.18
-0.02 0.27 0.17
-0.03 0.24 0.21
0.02 0.21 0.20
0.05 0.14 0.17
0.13 0.04 0.17
0.16 -0.06 0.11
0.24 -0.26 0.12
0.32 -0.36 0.13
0.27 -0.53 0.19
0.24 -0.69 0.19
0.27 -0.66 0.03
0.32 -0.53 -0.24
0.34 -0.49 -0.48
0.34 -0.49 -0.62
0.36 -0.51 -0.75
0.30 -0.40 -0.67
0.17 -0.50 -0.83
0.11 -0.08 -0.46
0.08 0.25 -0.22
-0.05 0.14 -0.17
-0.14 0.25 0.01
-0.19 0.33 0.11
-0.25 0.38 0.29
-0.38 0.36 0.31
-0.11 0.23 0.21
-0.50 0.20 0.48
-0.22 0.12 0.36
-0.14 0.03 0.24
-0.20 0.05 0.24
-0.26 0.12 0.28
-0.24 0.16 0.18
-0.20 0.17 0.10
-0.15 0.18 0.09
-0.18 0.14 0.15
-0.28 0.15 0.23
-0.33 0.25 0.21
-0.41 0.40 0.23
-0.44 0.45 0.23
-1.75 0.05 0.75
-0.11 0.01 0.11
-0.07 -0.02 0.18
-0.07 -0.06 0.17
0.06 -0.14 0.05
0.15 -0.13 0.06
0.19 -0.10 -0.26
0.30 -0.32 0.02
0.33 -0.35 -0.03
0.37 -0.33 -0.09
0.41 -0.29 -0.06
0.52 -0.30 -0.15
0.45 -0.45 -0.29
0.46 -0.59 -0.53
0.45 -0.29 -0.28
0.31 -0.37 -0.70
-0.03 -0.15 -0.46
-0.11 0.06 -0.20
-0.16 0.31 -0.00
-0.10 0.25 0.03
-0.03 0.20 -0.03
-0.04 0.10 -0.02
-0.03 0.00 -0.05
-0.02 0.02 0.02
-0.10 0.04 -0.04
-0.15 0.16 0.03
-0.18 0.19 0.03
-0.16 0.19 -0.00
-0.13 0.13 -0.02
-0.12 0.09 -0.02
-0.13 0.03 0.04
-0.11 -0.01 0.06
-0.11 -0.02 0.06
-0.11 -0.03 0.09
-0.11 -0.07 0.13
-0.12 -0.03 0.13
-0.04 0.01 0.07
-0.03 0.02 0.04
-0.01 0.01 -0.00
0.02 0.02 -0.01
0.04 0.01 -0.04
0.03 -0.00 -0.03
0.03 -0.02 -0.02
0.03 -0.03 -0.02
0.02 -0.03 0.01
0.02 0.01 -0.02
0.01 0.02 -0.00
-0.01 0.02 0.02
-0.01 0.02 0.01
-0.02 0.00 0.03
-0.03 -0.01 0.06
-0.04 -0.04 0.02
-0.04 -0.05 0.01
-0.02 -0.01 0.02
-0.02 0.04 0.00
-0.01 0.03 -0.03
-0.01 -0.01 -0.04
0.03 0.01 0.03
0.00 -0.01 -0.00
-0.01 -0.02 0.00
-0.01 -0.02 0.00
0.00 -0.02 0.01
0.00 -0.01 0.00
0.00 0.02 0.00
-0.00 -0.00 -0.00
-0.01 0.03 -0.10
0.02 0.05 -0.02
0.02 -0.00 0.10
-0.03 0.01 0.06
-0.02 0.02 0.00
-0.01 -0.04 -0.01
0.01 -0.07 -0.04
-0.00 -0.04 -0.02
-0.00 0.02 0.01
-0.01 0.04 0.01
-0.02 0.03 -0.02
-0.00 0.02 0.00
-0.01 0.02 -0.01
-0.02 0.00 -0.03
-0.01 -0.03 0.02
-0.01 -0.04 0.02
-0.01 -0.01 0.03
-0.01 -0.02 0.01
-0.01 0.00 0.02
-0.00 0.02 -0.00
0.02 0.02 -0.02
0.01 0.02 -0.01
0.01 0.00 -0.01
0.01 0.02 0.00
-0.00 -0.00 -0.00
-0.01 -0.00 0.01
