0.01 -0.00 -0.02
-0.00 0.02 -0.00
0.00 0.01 0.02
-0.01 0.05 0.02
-0.01 -0.01 0.03
0.01 -0.06 0.01
-0.02 -0.01 -0.04
0.00 0.01 -0.00
-0.00 -0.01 -0.01
-0.01 -0.00 -0.01
-0.01 0.02 -0.02
-0.01 0.02 0.06
-0.00 0.01 0.06
0.01 -0.02 0.01
-0.00 0.04 -0.04
0.00 0.00 -0.07
0.02 -0.03 -0.05
-0.01 -0.02 -0.03
-0.00 0.01 0.02
0.00 -0.01 0.07
-0.00 0.00 0.05
-0.00 0.00 0.03
-0.00 -0.02 0.00
0.03 -0.04 -0.01
0.02 -0.01 -0.03
0.04 0.01 -0.06
0.04 0.02 -0.09
0.04 0.01 -0.14
0.04 0.05 -0.18
0.03 0.08 -0.23
0.05 0.08 -0.15
0.04 0.09 -0.13
0.03 0.08 -0.21
0.02 0.12 -0.24
-0.01 0.18 -0.22
-0.01 0.18 -0.23
0.03 0.11 -0.02
0.05 0.04 0.14
0.04 -0.01 0.32
0.02 0.05 0.38
0.00 0.02 0.36
0.00 -0.00 0.36
-0.01 -0.02 0.33
-0.03 -0.03 0.25
-0.02 -0.05 0.31
-0.07 -0.04 0.19
-0.08 -0.01 0.26
-0.13 0.03 0.30
-0.08 0.01 0.44
-0.09 -0.07 0.60
-0.02 -0.15 0.54
-0.04 -0.06 0.26
-0.01 -0.07 0.15
0.04 -0.12 0.04
0.11 -0.20 -0.02
0.12 -0.23 -0.07
0.14 -0.25 -0.22
0.17 -0.23 -0.25
0.21 -0.19 -0.22
0.25 -0.23 -0.13
0.29 -0.23 -0.14
0.31 -0.24 -0.26
0.26 -0.16 -0.40
0.20 -0.07 -0.40
0.17 -0.02 -0.47
0.10 0.09 -0.55
0.05 0.11 -0.46
-0.00 0.18 -0.42
-0.11 0.29 -0.53
-0.14 0.31 -0.61
-0.16 0.18 -0.66
-0.16 0.15 -0.54
-0.16 0.20 -0.30
-0.15 0.24 -0.22
-0.14 0.25 -0.06
-0.11 0.20 0.21
-0.04 0.16 0.43
-0.08 0.19 0.43
-0.14 0.21 0.44
-0.12 0.03 0.46
-0.14 -0.22 0.42
-0.05 -0.22 0.60
-0.12 -0.11 0.46
-0.12 0.04 0.43
-0.12 0.13 0.58
-0.10 0.07 0.61
-0.09 0.01 0.45
-0.05 -0.09 0.35
0.01 -0.12 0.10
-0.02 -0.05 -0.02
0.01 -0.07 -0.09
0.06 -0.14 -0.23
0.05 -0.14 -0.36
-0.01 -0.03 -0.33
-0.01 0.01 -0.34
0.04 -0.08 -0.26
0.01 -0.12 -0.33
0.05 -0.16 -0.19
0.02 -0.08 -0.17
0.00 -0.04 -0.17
-0.01 0.02 -0.11
0.03 0.01 -0.00
-0.02 0.02 0.05
-0.02 0.05 0.06
0.00 0.01 0.10
-0.01 0.05 0.01
0.01 0.04 -0.02
0.01 0.02 -0.08
0.01 0.02 -0.02
-0.01 0.03 0.06
-0.01 0.00 0.07
0.00 -0.03 0.07
0.00 -0.02 0.04
-0.01 0.03 -0.03
-0.01 0.01 -0.02
-0.00 0.04 -0.08
-0.00 0.03 -0.01
-0.01 0.02 0.05
-0.01 0.02 -0.04
0.01 -0.03 -0.01
-0.01 0.03 0.01
-0.00 -0.03 -0.02
0.05 0.01 -0.01
0.00 -0.02 -0.01
-0.01 0.00 0.01
-0.01 0.00 0.01
-0.01 0.02 0.04
0.01 -0.02 0.05
0.00 -0.01 0.02
0.02 -0.03 -0.00
0.01 0.00 -0.06
0.01 0.03 -0.05
-0.01 0.05 -0.01
0.00 -0.00 0.01
0.03 -0.07 0.05
-0.00 -0.01 -0.01
-0.00 0.02 0.05
0.02 -0.00 -0.03
0.00 -0.01 -0.03
0.02 0.03 -0.04
0.00 0.02 0.01
-0.01 0.03 -0.00
-0.02 0.02 0.01
-0.01 0.03 0.02
-0.01 0.01 0.04
0.01 -0.03 -0.00
0.01 -0.02 -0.04
0.00 0.03 -0.04
0.00 -0.01 -0.04
0.02 0.04 0.05
