-0.01 0.01 0.05
-0.01 0.00 0.03
-0.01 -0.00 0.02
-0.02 -0.02 0.00
0.00 -0.03 0.01
0.00 -0.01 -0.05
0.00 -0.01 -0.04
0.02 -0.03 0.01
-0.01 0.03 0.02
0.00 0.00 0.02
0.00 -0.00 0.02
-0.00 0.02 0.03
0.00 0.01 -0.00
-0.00 0.00 0.01
0.00 -0.01 -0.05
0.01 -0.04 -0.04
0.01 -0.01 -0.02
0.03 -0.05 0.02
0.03 -0.05 -0.00
0.06 -0.02 -0.05
0.11 -0.06 -0.08
0.10 -0.08 -0.24
0.13 -0.05 -0.28
0.10 0.06 -0.36
0.03 0.20 -0.47
0.01 0.24 -0.42
0.04 0.17 -0.38
0.02 0.25 -0.35
-0.02 0.38 -0.22
-0.00 0.31 0.04
0.04 0.21 0.20
0.05 0.20 0.41
-0.00 0.16 0.57
-0.02 0.18 0.64
-0.07 0.16 0.75
-0.08 0.14 1.18
-0.16 0.28 0.94
0.01 0.03 0.75
0.06 -0.27 0.80
0.02 -0.33 0.75
0.08 -0.36 0.76
0.12 -0.56 0.45
0.23 -0.60 -0.17
0.35 -0.88 -0.27
0.28 -0.79 -0.28
0.19 -0.60 -0.21
0.12 -0.37 -0.19
0.16 -0.24 -0.14
0.26 -0.15 -0.22
0.35 -0.08 -0.41
0.41 -0.01 -0.54
0.51 -0.12 -0.75
0.42 -0.13 -0.84
0.28 0.06 -0.60
0.27 0.27 -0.46
0.21 0.47 -0.61
0.28 0.61 -1.00
0.05 0.86 -1.55
-0.14 0.68 -1.45
-0.22 0.79 -1.37
-0.42 0.98 -1.01
-0.42 1.02 -0.26
-0.28 0.75 0.84
-0.31 0.26 1.47
-0.38 0.09 1.38
-0.25 -0.20 1.26
-0.12 -0.51 1.30
-0.11 -0.53 1.49
-0.22 -0.52 1.50
-0.40 -0.32 1.12
-0.40 -0.24 0.76
-0.29 -0.48 0.79
-0.29 -0.51 0.45
-0.40 -0.50 -0.14
-0.24 -0.48 -0.25
-0.12 -0.21 -0.60
-0.03 -0.06 -0.78
0.01 0.01 -0.71
-0.04 0.08 -0.81
0.09 0.12 -0.50
-0.02 0.10 -0.45
0.07 -0.03 -0.36
-0.01 0.10 -0.37
-0.01 0.01 -0.16
0.01 0.02 -0.07
-0.01 0.04 0.01
-0.02 0.07 0.07
-0.02 0.03 0.10
-0.03 0.01 0.10
-0.02 0.04 0.05
-0.02 0.05 -0.05
-0.02 0.07 0.00
-0.00 0.02 0.00
-0.01 0.02 0.00
0.01 0.01 0.03
-0.00 0.01 -0.03
0.01 0.00 -0.06
0.00 -0.03 -0.03
0.00 -0.04 -0.01
0.02 -0.06 0.05
0.01 -0.03 0.01
0.01 -0.01 0.02
0.00 -0.03 0.06
-0.01 0.04 -0.01
-0.00 0.04 -0.05
0.00 0.05 -0.04
-0.02 0.07 -0.06
0.02 -0.03 -0.08
0.01 -0.02 0.01
-0.02 -0.00 0.04
-0.01 -0.02 0.08
0.00 -0.04 0.05
0.02 -0.04 -0.01
-0.01 0.04 -0.03
0.01 0.01 0.01
0.00 0.00 0.01
-0.00 -0.01 0.02
0.01 -0.04 0.00
-0.00 -0.03 0.03
-0.01 0.01 0.02
0.00 0.01 -0.04
0.01 -0.01 -0.04
0.00 0.01 -0.02
-0.01 0.04 -0.03
0.01 -0.01 -0.01
0.00 -0.01 0.00
-0.01 0.01 -0.04
-0.01 0.01 0.02
0.00 -0.02 0.04
-0.00 0.00 0.02
0.00 0.00 -0.03
-0.00 0.03 -0.04
-0.00 0.01 -0.04
-0.00 -0.00 0.00
0.01 -0.03 0.02
0.01 -0.02 0.04
-0.01 0.01 0.02
-0.00 -0.03 0.01
-0.01 -0.01 0.04
-0.02 0.01 0.01
-0.00 0.01 -0.02
-0.00 -0.02 -0.02
0.01 -0.00 0.00
-0.00 0.00 -0.00
-0.01 0.00 0.01
0.00 -0.01 -0.03
0.00 -0.01 -0.03
0.00 0.00 -0.05
-0.01 0.00 -0.01
-0.01 0.02 0.06
