-0.02 -0.01 -0.01
0.01 -0.00 0.00
-0.00 0.01 0.00
-0.01 0.00 -0.01
-0.00 0.00 -0.01
0.00 0.00 0.00
0.01 -0.01 0.01
-0.00 0.00 0.00
-0.01 0.01 0.02
0.00 0.00 0.00
-0.01 0.00 0.02
-0.00 0.01 0.01
-0.01 -0.01 -0.00
0.01 0.00 -0.00
0.00 0.01 -0.01
0.01 -0.01 0.01
0.01 0.00 0.02
0.00 0.00 0.02
-0.00 0.01 0.00
0.00 0.00 -0.00
-0.00 -0.01 0.00
0.00 -0.01 -0.01
0.00 -0.01 -0.00
0.00 0.00 0.00
-0.01 0.00 -0.00
-0.00 -0.01 0.01
0.00 0.02 0.05
-0.01 0.00 0.02
0.00 0.00 0.01
0.00 0.02 -0.01
-0.02 0.03 -0.09
-0.01 0.01 -0.10
0.02 0.05 -0.09
-0.00 0.06 -0.20
0.07 0.05 -0.15
0.07 -0.03 -0.24
0.11 -0.03 -0.23
0.08 -0.12 -0.31
0.09 -0.19 -0.28
0.08 -0.14 -0.15
0.01 -0.04 -0.02
0.01 -0.01 0.06
0.03 0.01 0.07
0.04 0.07 0.16
-0.03 0.08 0.27
-0.02 0.08 0.38
0.00 0.03 0.49
0.03 0.02 0.49
-0.04 0.02 0.50
-0.09 0.09 0.50
-0.04 0.02 0.30
-0.07 -0.05 0.19
-0.12 0.05 0.11
-0.08 0.07 0.11
-0.06 -0.01 0.15
0.03 -0.06 0.18
0.02 -0.05 0.21
0.02 0.01 0.16
0.02 -0.00 0.13
0.18 -0.04 0.03
0.01 0.00 -0.03
0.05 0.04 -0.11
0.03 0.06 -0.13
0.05 0.06 -0.18
0.01 0.06 -0.27
-0.05 0.07 -0.31
-0.04 0.07 -0.35
-0.04 0.08 -0.35
-0.05 0.03 -0.31
-0.06 0.01 -0.28
-0.01 -0.09 -0.27
0.12 0.44 0.43
0.24 -0.11 -0.38
0.07 -0.16 -0.34
0.15 -0.17 -0.19
0.02 -0.20 -0.14
-0.10 -0.23 -0.17
-0.16 -0.23 -0.27
-0.06 -0.23 -0.25
-0.01 -0.12 -0.05
0.04 0.02 0.13
0.00 0.04 0.08
0.02 0.08 0.08
-0.03 0.16 0.16
-0.08 0.19 0.09
-0.22 0.17 0.00
0.01 0.03 -0.09
0.05 0.02 -0.04
-0.03 -0.01 0.11
0.05 0.22 0.22
0.03 0.09 0.12
0.03 -0.01 0.12
0.05 0.02 0.09
0.06 -0.01 0.08
0.06 0.08 0.19
0.02 0.05 0.23
0.03 0.12 0.30
-0.06 0.18 0.33
-0.12 0.16 0.24
-0.07 0.13 0.28
0.01 0.08 0.45
0.01 -0.00 0.37
-0.15 0.03 0.29
-0.11 0.02 0.13
-0.11 -0.17 -0.25
-0.11 -0.19 -0.31
-0.06 -0.18 -0.28
0.07 -0.13 -0.20
0.05 -0.09 -0.17
0.02 -0.06 -0.13
0.02 -0.04 -0.12
0.04 -0.03 -0.10
0.04 -0.00 -0.05
0.06 0.00 -0.08
0.03 0.02 -0.03
0.05 0.02 -0.01
0.03 0.01 -0.02
0.02 -0.01 -0.02
0.01 0.00 -0.01
-0.01 0.01 0.00
-0.05 0.00 -0.03
-0.05 0.01 -0.02
-0.03 0.02 -0.03
0.02 0.07 0.03
-0.00 0.03 -0.02
-0.04 0.03 0.00
0.01 -0.01 -0.02
-0.02 0.02 0.04
0.03 -0.03 -0.05
0.03 0.00 -0.03
0.00 -0.02 -0.03
-0.00 -0.01 -0.01
0.00 -0.01 0.02
0.01 -0.02 -0.03
0.00 -0.01 -0.03
-0.01 0.00 0.00
-0.00 -0.00 -0.01
-0.01 0.02 0.01
0.00 -0.00 0.01
0.02 -0.00 0.01
-0.00 0.00 -0.01
-0.01 -0.01 -0.01
0.01 -0.01 0.00
-0.01 -0.01 -0.00
-0.01 -0.00 0.00
-0.01 -0.00 0.01
0.00 0.01 0.01
0.00 -0.00 0.01
-0.00 -0.01 0.02
0.00 0.01 0.02
