0.01 -0.01 0.02
-0.00 -0.01 -0.01
-0.01 0.02 -0.01
0.00 0.01 -0.03
-0.01 -0.00 -0.03
0.01 -0.01 0.01
0.01 -0.01 0.00
0.00 -0.01 0.00
0.00 -0.02 0.00
0.00 0.00 -0.01
-0.00 0.02 -0.01
-0.00 0.01 -0.01
0.01 0.00 0.03
0.00 -0.00 0.03
0.00 -0.01 0.01
0.00 0.01 -0.01
0.01 -0.00 0.00
0.00 -0.02 -0.02
0.01 -0.01 -0.01
-0.01 0.01 0.00
0.01 -0.01 0.01
0.00 0.00 0.02
-0.00 -0.01 0.01
-0.00 0.00 0.01
-0.00 -0.00 0.00
-0.00 0.00 0.02
-0.01 -0.01 0.00
-0.00 0.00 0.02
-0.00 0.00 -0.00
-0.00 0.01 -0.03
-0.01 0.01 -0.03
0.00 0.01 -0.03
0.00 0.03 -0.03
0.00 0.01 -0.07
-0.04 0.05 -0.14
0.02 0.01 -0.11
0.03 0.04 -0.25
0.05 -0.02 -0.40
0.09 -0.10 -0.35
0.09 -0.05 -0.28
0.05 -0.08 -0.13
0.07 -0.13 0.03
0.16 -0.02 0.09
0.10 -0.06 0.20
0.07 0.09 0.19
0.04 0.07 0.21
-0.03 -0.03 0.20
-0.10 -0.03 0.30
0.06 -0.00 0.41
0.03 -0.02 0.33
-0.05 0.05 0.31
-0.15 0.11 0.33
-0.14 0.11 0.31
-0.10 0.02 0.35
-0.06 -0.01 0.36
-0.07 -0.00 0.24
-0.11 0.02 0.14
-0.14 0.00 0.08
-0.08 -0.04 0.12
-0.01 -0.09 0.12
0.11 -0.16 0.06
0.06 -0.11 0.03
-0.01 -0.05 -0.04
0.03 0.03 -0.07
0.17 0.03 -0.09
0.09 0.09 -0.15
0.11 0.15 -0.11
0.05 0.18 -0.16
0.09 0.18 -0.21
-0.01 0.15 -0.43
0.01 0.02 -0.59
0.00 -0.11 -0.61
0.01 -0.10 -0.45
0.05 -0.09 -0.21
0.09 -0.05 -0.03
0.15 0.22 -0.26
-0.21 -0.29 -0.37
-0.04 -0.19 -0.49
0.01 -0.14 -0.38
-0.08 -0.22 -0.14
-0.04 -0.12 0.02
-0.01 -0.09 0.23
0.02 0.08 0.23
-0.13 0.08 -0.01
-0.13 -0.05 -0.22
-0.22 0.00 -0.22
-0.05 0.03 -0.12
0.02 0.05 0.08
0.11 0.00 0.21
0.13 0.05 0.24
0.06 0.08 0.08
-0.08 0.13 0.07
-0.06 0.02 0.05
0.05 0.01 0.04
0.10 0.01 0.13
0.09 0.03 0.17
0.05 0.00 0.29
0.00 0.09 0.36
-0.07 0.16 0.36
-0.13 0.23 0.38
-0.13 0.13 0.28
0.07 0.02 0.32
0.14 -0.05 0.32
-0.04 0.02 0.27
-0.12 0.01 0.09
-0.10 0.03 -0.08
-0.04 -0.09 -0.14
0.05 -0.17 -0.17
0.07 -0.15 -0.15
0.04 -0.08 -0.11
0.02 -0.04 -0.10
-0.01 -0.03 -0.10
0.03 -0.06 -0.11
0.03 -0.06 -0.11
0.04 -0.03 -0.07
0.01 -0.02 -0.02
0.04 -0.01 -0.02
0.00 0.01 -0.03
-0.02 0.02 -0.00
-0.02 0.03 0.02
-0.01 0.01 0.02
-0.00 -0.00 -0.02
0.02 -0.01 -0.03
-0.02 -0.00 -0.03
-0.02 -0.00 -0.04
-0.02 -0.02 -0.04
-0.04 0.00 -0.01
-0.02 0.00 -0.02
0.01 0.01 0.01
-0.01 0.04 0.04
-0.02 0.00 -0.02
0.00 -0.03 -0.03
-0.00 -0.02 -0.03
-0.06 -0.01 -0.05
-0.02 -0.04 -0.07
-0.03 0.00 0.00
-0.03 0.01 -0.00
-0.00 -0.00 -0.01
-0.01 0.01 0.04
0.00 0.01 0.01
-0.02 0.01 0.05
0.01 -0.01 0.01
0.03 -0.02 -0.03
0.02 -0.00 -0.00
0.01 0.01 0.02
-0.01 0.01 0.00
0.00 -0.00 0.03
0.00 0.00 0.03
0.00 0.01 0.04
0.02 -0.01 0.01
