-0.77 -0.44 0.61
-0.78 -0.45 0.62
-0.79 -0.46 0.64
-0.78 -0.47 0.67
-0.78 -0.46 0.67
-0.78 -0.45 0.65
-0.78 -0.43 0.62
-0.81 -0.41 0.61
-0.83 -0.40 0.60
-0.84 -0.38 0.57
-0.83 -0.38 0.57
-0.82 -0.39 0.56
-0.82 -0.38 0.54
-0.80 -0.38 0.53
-0.78 -0.37 0.51
-0.78 -0.36 0.49
-0.77 -0.33 0.47
-0.77 -0.32 0.47
-0.77 -0.33 0.49
-0.78 -0.36 0.53
-0.75 -0.45 0.59
-0.74 -0.58 0.68
-0.73 -0.75 0.77
-0.75 -0.94 0.88
-0.83 -1.12 0.93
-0.92 -1.20 1.00
-1.06 -1.18 1.04
-1.18 -1.20 1.10
-1.27 -1.26 1.09
-1.30 -1.34 0.96
-1.31 -1.38 0.86
-1.28 -1.33 0.68
-1.32 -1.19 0.58
-1.32 -1.07 0.52
-1.29 -1.00 0.49
-1.27 -0.92 0.42
-1.32 -0.82 0.34
-1.39 -0.63 0.27
-1.38 -0.43 0.24
-1.31 -0.31 0.23
-1.24 -0.21 0.16
-1.19 -0.18 0.15
-1.09 -0.14 0.13
-0.97 -0.14 0.12
-0.85 -0.14 0.06
-0.73 -0.15 0.05
-0.65 -0.15 0.05
-0.57 -0.17 0.06
-0.51 -0.19 0.08
-0.47 -0.20 0.06
-0.41 -0.18 0.12
-0.40 -0.17 0.15
-0.36 -0.19 0.20
-0.28 -0.20 0.24
-0.24 -0.20 0.26
-0.23 -0.20 0.27
-0.23 -0.20 0.32
-0.23 -0.19 0.35
-0.23 -0.19 0.38
-0.21 -0.21 0.41
-0.16 -0.25 0.42
-0.10 -0.26 0.43
-0.10 -0.26 0.47
-0.11 -0.25 0.53
-0.10 -0.21 0.54
-0.10 -0.23 0.48
-0.08 -0.26 0.43
-0.03 -0.30 0.45
0.00 -0.29 0.44
-0.01 -0.27 0.39
-0.02 -0.25 0.40
-0.03 -0.21 0.54
-0.03 -0.21 0.68
-0.01 -0.22 0.71
0.03 -0.23 0.70
0.06 -0.29 0.65
0.04 -0.31 0.54
-0.04 -0.31 0.53
-0.07 -0.32 0.67
-0.12 -0.30 0.75
-0.13 -0.31 0.80
-0.05 -0.34 0.81
-0.06 -0.30 0.76
-0.11 -0.28 0.73
-0.16 -0.27 0.71
-0.15 -0.28 0.82
-0.16 -0.25 0.90
-0.19 -0.24 1.02
-0.13 -0.28 1.05
-0.07 -0.30 1.01
-0.12 -0.37 0.91
-0.15 -0.42 0.87
-0.21 -0.35 0.92
-0.33 -0.26 1.04
-0.41 -0.21 1.17
-0.41 -0.21 1.26
-0.32 -0.24 1.23
-0.27 -0.27 1.16
-0.32 -0.28 1.10
-0.37 -0.25 1.14