-0.65 -0.51 0.56
-0.65 -0.50 0.56
-0.67 -0.51 0.56
-0.69 -0.50 0.55
-0.70 -0.51 0.56
-0.70 -0.51 0.56
-0.71 -0.51 0.57
-0.70 -0.50 0.56
-0.68 -0.51 0.55
-0.67 -0.51 0.56
-0.67 -0.51 0.55
-0.66 -0.51 0.55
-0.67 -0.51 0.56
-0.67 -0.50 0.56
-0.66 -0.50 0.55
-0.66 -0.51 0.55
-0.66 -0.52 0.56
-0.67 -0.52 0.56
-0.67 -0.51 0.56
-0.69 -0.52 0.54
-0.67 -0.51 0.56
-0.67 -0.52 0.57
-0.66 -0.52 0.57
-0.65 -0.53 0.60
-0.64 -0.53 0.62
-0.62 -0.54 0.66
-0.60 -0.57 0.74
-0.57 -0.63 0.82
-0.57 -0.68 0.88
-0.58 -0.74 0.91
-0.56 -0.82 1.03
-0.52 -0.92 1.16
-0.50 -1.01 1.30
-0.49 -0.96 1.36
-0.41 -1.23 1.37
-0.28 -1.35 1.48
-0.25 -1.37 1.42
-0.46 -1.30 1.33
-0.73 -1.14 1.25
-0.96 -1.02 1.19
-1.10 -0.97 1.07
-1.09 -0.97 0.89
-1.05 -0.99 0.77
-1.08 -0.98 0.61
-1.14 -0.95 0.50
-1.19 -0.88 0.44
-1.16 -0.84 0.40
-1.07 -0.82 0.37
-1.00 -0.78 0.32
-0.92 -0.75 0.29
-0.87 -0.70 0.29
-0.83 -0.68 0.32
-0.74 -0.65 0.31
-0.71 -0.69 0.25
-0.64 -0.74 0.19
-0.56 -0.78 0.16
-0.56 -0.75 0.14
-0.62 -0.64 0.12
-0.67 -0.54 0.18
-0.71 -0.46 0.25
-0.70 -0.43 0.24
-0.66 -0.43 0.23
-0.70 -0.44 0.21
-0.71 -0.41 0.16
-0.67 -0.39 0.16
-0.60 -0.38 0.13
-0.53 -0.38 0.07
-0.45 -0.38 0.02
-0.42 -0.38 0.03
-0.37 -0.38 0.06
-0.32 -0.36 0.14
-0.29 -0.34 0.19
-0.27 -0.31 0.23
-0.21 -0.30 0.30
-0.16 -0.33 0.32
-0.11 -0.38 0.31
-0.10 -0.41 0.31
-0.12 -0.42 0.34
-0.11 -0.41 0.39
-0.10 -0.42 0.48
-0.06 -0.44 0.55
-0.04 -0.47 0.57
-0.04 -0.50 0.56
-0.07 -0.52 0.54
-0.12 -0.54 0.52
-0.18 -0.54 0.52
-0.17 -0.54 0.58
-0.13 -0.52 0.61
-0.12 -0.50 0.54
-0.17 -0.49 0.46
-0.22 -0.48 0.49
-0.26 -0.49 0.54
-0.25 -0.51 0.54
-0.19 -0.54 0.55
-0.12 -0.54 0.60
-0.13 -0.49 0.60
-0.19 -0.40 0.56
-0.25 -0.37 0.59
-0.29 -0.37 0.63
-0.24 -0.42 0.67