-0.78 -0.37 0.52
-0.80 -0.36 0.51
-0.79 -0.37 0.51
-0.82 -0.37 0.50
-0.82 -0.37 0.50
-0.83 -0.36 0.47
-0.83 -0.36 0.50
-0.83 -0.36 0.52
-0.83 -0.36 0.50
-0.82 -0.37 0.49
-0.82 -0.37 0.49
-0.82 -0.37 0.48
-0.82 -0.36 0.49
-0.82 -0.36 0.50
-0.82 -0.37 0.51
-0.82 -0.37 0.51
-0.81 -0.37 0.51
-0.80 -0.37 0.51
-0.80 -0.36 0.53
-0.79 -0.37 0.54
-0.78 -0.38 0.55
-0.77 -0.40 0.57
-0.76 -0.41 0.59
-0.75 -0.44 0.62
-0.75 -0.47 0.66
-0.76 -0.49 0.68
-0.77 -0.54 0.71
-0.79 -0.59 0.73
-0.83 -0.63 0.75
-0.84 -0.64 0.75
-0.85 -0.64 0.73
-0.85 -0.65 0.71
-0.85 -0.67 0.72
-0.91 -0.71 0.69
-0.95 -0.71 0.65
-0.97 -0.67 0.60
-0.96 -0.63 0.57
-0.97 -0.60 0.51
-0.99 -0.57 0.48
-1.02 -0.54 0.46
-1.04 -0.50 0.44
-1.05 -0.50 0.41
-1.04 -0.48 0.40
-1.03 -0.47 0.38
-1.00 -0.46 0.35
-0.96 -0.47 0.36
-0.92 -0.49 0.35
-0.90 -0.49 0.34
-0.87 -0.50 0.34
-0.84 -0.51 0.36
-0.79 -0.52 0.37
-0.75 -0.53 0.40
-0.75 -0.54 0.40
-0.73 -0.56 0.42
-0.72 -0.59 0.46
-0.71 -0.61 0.46
-0.71 -0.62 0.45
-0.71 -0.60 0.46
-0.70 -0.58 0.48
-0.66 -0.60 0.48
-0.65 -0.62 0.46
-0.65 -0.59 0.45
-0.66 -0.56 0.44
-0.69 -0.49 0.46
-0.71 -0.44 0.47
-0.69 -0.45 0.49
-0.67 -0.46 0.48
-0.67 -0.48 0.45
-0.66 -0.48 0.42
-0.64 -0.49 0.40
-0.61 -0.47 0.40
-0.56 -0.47 0.40
-0.54 -0.45 0.43
-0.53 -0.45 0.47
-0.52 -0.46 0.48
-0.50 -0.49 0.48
-0.47 -0.52 0.49
-0.44 -0.54 0.50
-0.41 -0.55 0.53
-0.42 -0.54 0.54
-0.43 -0.54 0.58
-0.44 -0.56 0.61
-0.46 -0.57 0.60
-0.47 -0.57 0.55
-0.47 -0.57 0.53
-0.48 -0.54 0.51
-0.49 -0.52 0.53
-0.50 -0.52 0.55
-0.49 -0.53 0.55
-0.48 -0.53 0.50
-0.46 -0.54 0.46
-0.45 -0.53 0.41
-0.44 -0.53 0.40
-0.43 -0.51 0.42
-0.43 -0.49 0.46
-0.45 -0.50 0.50
-0.45 -0.52 0.52
-0.44 -0.54 0.49
-0.42 -0.54 0.45
-0.39 -0.54 0.47