-0.65 -0.33 0.68
-0.65 -0.34 0.67
-0.65 -0.33 0.67
-0.67 -0.33 0.67
-0.67 -0.32 0.67
-0.67 -0.31 0.68
-0.66 -0.31 0.69
-0.65 -0.31 0.69
-0.64 -0.32 0.68
-0.64 -0.33 0.67
-0.63 -0.34 0.66
-0.63 -0.33 0.66
-0.64 -0.33 0.67
-0.65 -0.32 0.68
-0.67 -0.33 0.67
-0.68 -0.33 0.67
-0.67 -0.33 0.67
-0.68 -0.34 0.67
-0.67 -0.34 0.65
-0.67 -0.35 0.64
-0.65 -0.36 0.65
-0.63 -0.36 0.67
-0.64 -0.36 0.70
-0.66 -0.36 0.72
-0.67 -0.37 0.72
-0.66 -0.38 0.74
-0.64 -0.39 0.80
-0.57 -0.44 0.89
-0.48 -0.49 1.08
-0.38 -0.62 1.27
-0.33 -0.71 1.47
-0.37 -0.76 1.55
-0.47 -0.79 1.70
-0.49 -0.80 1.80
-0.41 -0.91 1.95
-0.39 -0.96 2.00
-0.28 -1.11 2.00
-0.20 -1.23 2.00
-0.25 -1.33 2.00
-0.51 -1.28 1.83
-1.17 -1.12 1.66
-1.69 -0.75 1.32
-1.78 -0.38 1.24
-1.68 -0.36 1.24
-1.83 -0.44 0.94
-2.00 -0.40 0.53
-2.00 -0.29 0.17
-2.00 -0.29 -0.07
-1.84 -0.40 -0.13
-1.57 -0.42 -0.10
-1.21 -0.33 0.05
-0.86 -0.21 0.13
-0.67 -0.04 0.13
-0.67 -0.06 0.13
-0.79 -0.23 0.08
-0.83 -0.36 0.03
-0.75 -0.44 0.03
-0.61 -0.38 0.03
-0.42 -0.25 0.10
-0.29 -0.15 0.11
-0.17 -0.13 0.13
-0.10 -0.20 0.15
-0.09 -0.29 0.12
-0.18 -0.38 0.09
-0.25 -0.37 0.06
-0.29 -0.29 0.07
-0.29 -0.23 0.14
-0.26 -0.19 0.22
-0.24 -0.17 0.24
-0.24 -0.17 0.22
-0.28 -0.21 0.18
-0.26 -0.23 0.21
-0.26 -0.21 0.25
-0.22 -0.16 0.25
-0.18 -0.09 0.29
-0.16 -0.04 0.28
-0.16 -0.06 0.21
-0.17 -0.11 0.18
-0.15 -0.16 0.25
-0.13 -0.16 0.38
-0.06 -0.10 0.45
0.05 -0.08 0.51
0.13 -0.09 0.56
0.19 -0.09 0.60
0.16 -0.09 0.58
0.09 -0.12 0.51
0.06 -0.17 0.56
0.08 -0.17 0.60
0.10 -0.13 0.62
0.12 -0.07 0.69
0.10 -0.07 0.81
0.07 -0.06 0.86
0.09 -0.08 0.87
0.18 -0.12 0.89
0.21 -0.10 0.85
0.12 -0.02 0.88
0.01 0.08 1.03
-0.07 0.17 1.13
-0.06 0.22 1.17
-0.02 0.16 1.17