-0.20 -0.90 0.42
-0.21 -0.90 0.42
-0.21 -0.91 0.43
-0.22 -0.89 0.44
-0.23 -0.89 0.45
-0.24 -0.90 0.45
-0.23 -0.90 0.45
-0.24 -0.90 0.46
-0.23 -0.88 0.47
-0.23 -0.88 0.46
-0.22 -0.87 0.47
-0.21 -0.87 0.46
-0.21 -0.87 0.46
-0.21 -0.87 0.46
-0.20 -0.87 0.46
-0.19 -0.88 0.46
-0.19 -0.87 0.45
-0.18 -0.87 0.45
-0.19 -0.87 0.46
-0.19 -0.88 0.47
-0.20 -0.89 0.46
-0.23 -0.90 0.45
-0.24 -0.90 0.45
-0.21 -0.89 0.45
-0.13 -0.85 0.48
-0.00 -0.79 0.56
0.13 -0.78 0.68
0.19 -0.78 0.78
0.18 -0.81 0.86
0.18 -0.86 0.89
0.12 -0.86 0.87
0.10 -0.89 0.82
0.10 -0.91 0.75
0.12 -0.94 0.72
0.19 -0.96 0.69
0.25 -0.95 0.67
0.29 -0.93 0.69
0.14 -0.90 0.76
0.07 -0.97 0.77
0.08 -1.09 0.73
-0.03 -1.20 0.72
-0.15 -1.24 0.70
-0.29 -1.26 0.69
-0.40 -1.33 0.66
-0.50 -1.34 0.63
-0.71 -1.29 0.73
-0.71 -1.30 0.75
-0.72 -1.30 0.77
-0.75 -1.32 0.68
-0.65 -1.38 0.56
-0.57 -1.38 0.51
-0.54 -1.26 0.56
-0.53 -1.14 0.58
-0.48 -1.09 0.59
-0.43 -1.08 0.55
-0.38 -1.07 0.50
-0.27 -1.05 0.49
-0.19 -1.02 0.50
-0.08 -0.99 0.44
0.00 -1.02 0.41
-0.07 -0.99 0.44
-0.14 -0.96 0.46
-0.16 -0.92 0.46
-0.17 -0.93 0.47
-0.12 -0.93 0.47
-0.10 -0.92 0.47
-0.17 -0.93 0.50
-0.22 -0.96 0.46
-0.21 -0.97 0.46
-0.27 -0.94 0.46
-0.35 -0.91 0.47
-0.39 -0.89 0.47
-0.38 -0.87 0.43
-0.40 -0.85 0.38
-0.40 -0.82 0.34
-0.39 -0.76 0.30
-0.36 -0.70 0.27
-0.28 -0.64 0.28
-0.14 -0.58 0.24
-0.04 -0.60 0.21
0.01 -0.62 0.21
-0.04 -0.60 0.21
-0.15 -0.56 0.21
-0.20 -0.53 0.24
-0.09 -0.53 0.27
-0.02 -0.49 0.32
0.02 -0.47 0.34
0.01 -0.46 0.34
0.02 -0.46 0.35
0.05 -0.45 0.33
0.10 -0.46 0.33
0.16 -0.47 0.35
0.19 -0.44 0.39
0.15 -0.38 0.45
0.11 -0.37 0.45
0.10 -0.39 0.45
0.12 -0.41 0.49
0.24 -0.40 0.61
0.37 -0.35 0.69
0.39 -0.31 0.69