-0.63 -0.56 0.58
-0.63 -0.56 0.57
-0.63 -0.56 0.58
-0.63 -0.54 0.57
-0.64 -0.53 0.58
-0.66 -0.54 0.58
-0.66 -0.55 0.59
-0.65 -0.56 0.58
-0.64 -0.55 0.57
-0.65 -0.54 0.58
-0.67 -0.52 0.57
-0.68 -0.52 0.57
-0.68 -0.52 0.55
-0.69 -0.53 0.55
-0.69 -0.53 0.53
-0.69 -0.52 0.52
-0.70 -0.52 0.52
-0.69 -0.53 0.52
-0.67 -0.53 0.53
-0.66 -0.55 0.54
-0.65 -0.56 0.54
-0.62 -0.56 0.55
-0.61 -0.57 0.56
-0.60 -0.58 0.57
-0.58 -0.60 0.59
-0.54 -0.63 0.64
-0.50 -0.70 0.70
-0.48 -0.81 0.75
-0.50 -0.92 0.80
-0.58 -1.06 0.81
-0.63 -1.23 0.73
-0.64 -1.37 0.67
-0.67 -1.44 0.48
-0.75 -1.43 0.33
-0.94 -1.28 0.27
-1.05 -1.11 0.27
-1.05 -0.95 0.25
-1.00 -0.84 0.16
-0.94 -0.73 0.13
-1.02 -0.61 0.15
-1.10 -0.50 0.17
-1.09 -0.44 0.15
-1.05 -0.42 0.15
-0.97 -0.41 0.16
-0.90 -0.38 0.20
-0.82 -0.35 0.24
-0.73 -0.35 0.30
-0.69 -0.34 0.36
-0.68 -0.32 0.40
-0.63 -0.30 0.44
-0.56 -0.32 0.52
-0.50 -0.35 0.53
-0.46 -0.40 0.56
-0.44 -0.44 0.58
-0.44 -0.49 0.59
-0.42 -0.50 0.59
-0.40 -0.48 0.62
-0.43 -0.41 0.70
-0.48 -0.37 0.73
-0.47 -0.38 0.75
-0.50 -0.44 0.67
-0.51 -0.52 0.58
-0.50 -0.54 0.53
-0.49 -0.51 0.53
-0.50 -0.46 0.55
-0.54 -0.41 0.60
-0.59 -0.38 0.63
-0.62 -0.39 0.66
-0.65 -0.42 0.60
-0.67 -0.46 0.54
-0.62 -0.50 0.51
-0.60 -0.53 0.53
-0.63 -0.50 0.57
-0.66 -0.47 0.61
-0.68 -0.44 0.64
-0.66 -0.42 0.62
-0.63 -0.42 0.62
-0.62 -0.44 0.61
-0.61 -0.46 0.62
-0.63 -0.46 0.61
-0.65 -0.45 0.60
-0.63 -0.47 0.59
-0.59 -0.48 0.58
-0.55 -0.47 0.60
-0.56 -0.46 0.62
-0.61 -0.44 0.64
-0.68 -0.40 0.67
-0.71 -0.37 0.68
-0.71 -0.34 0.65
-0.73 -0.31 0.67
-0.73 -0.30 0.68
-0.69 -0.28 0.74
-0.61 -0.23 0.84
-0.57 -0.17 0.93
-0.50 -0.16 1.03
-0.44 -0.15 1.09
-0.39 -0.16 1.08
-0.36 -0.18 1.10
-0.36 -0.17 1.12
-0.37 -0.15 1.19