-0.71 -0.55 0.65
-0.71 -0.56 0.62
-0.70 -0.56 0.60
-0.70 -0.55 0.60
-0.72 -0.55 0.61
-0.74 -0.54 0.62
-0.74 -0.52 0.63
-0.73 -0.50 0.64
-0.71 -0.48 0.63
-0.70 -0.46 0.61
-0.69 -0.43 0.62
-0.68 -0.40 0.64
-0.65 -0.37 0.66
-0.62 -0.35 0.66
-0.62 -0.33 0.67
-0.62 -0.30 0.66
-0.62 -0.28 0.66
-0.63 -0.29 0.68
-0.65 -0.34 0.68
-0.66 -0.42 0.65
-0.67 -0.50 0.62
-0.69 -0.57 0.57
-0.69 -0.61 0.54
-0.69 -0.62 0.52
-0.71 -0.62 0.50
-0.72 -0.65 0.46
-0.76 -0.73 0.43
-0.78 -0.79 0.34
-0.78 -0.81 0.32
-0.78 -0.74 0.29
-0.77 -0.66 0.33
-0.78 -0.58 0.38
-0.81 -0.54 0.41
-0.83 -0.50 0.46
-0.84 -0.48 0.50
-0.82 -0.46 0.50
-0.79 -0.44 0.53
-0.77 -0.40 0.55
-0.73 -0.37 0.60
-0.70 -0.33 0.66
-0.69 -0.30 0.72
-0.69 -0.29 0.73
-0.67 -0.32 0.73
-0.68 -0.34 0.71
-0.67 -0.33 0.70
-0.67 -0.33 0.69
-0.66 -0.32 0.69
-0.67 -0.33 0.70
-0.69 -0.33 0.70
-0.69 -0.32 0.69
-0.68 -0.33 0.69
-0.68 -0.33 0.69
-0.70 -0.31 0.68
-0.70 -0.30 0.68
-0.72 -0.31 0.68
-0.74 -0.32 0.66
-0.75 -0.32 0.63
-0.77 -0.32 0.60
-0.77 -0.31 0.60
-0.74 -0.31 0.62
-0.73 -0.30 0.61
-0.73 -0.30 0.61
-0.74 -0.30 0.61
-0.75 -0.30 0.59
-0.75 -0.29 0.59
-0.76 -0.29 0.59
-0.77 -0.27 0.59
-0.75 -0.25 0.62
-0.74 -0.22 0.66
-0.74 -0.22 0.64
-0.73 -0.22 0.66
-0.72 -0.23 0.65
-0.72 -0.24 0.68
-0.75 -0.22 0.68
-0.76 -0.22 0.69
-0.73 -0.25 0.72
-0.69 -0.26 0.76
-0.68 -0.28 0.77
-0.66 -0.29 0.76
-0.63 -0.29 0.75
-0.61 -0.28 0.78
-0.59 -0.28 0.81
-0.61 -0.25 0.81
-0.67 -0.21 0.79
-0.73 -0.19 0.79
-0.77 -0.17 0.77
-0.81 -0.16 0.79
-0.83 -0.15 0.76
-0.84 -0.12 0.76
-0.84 -0.10 0.76
-0.80 -0.12 0.73
-0.77 -0.15 0.66
-0.79 -0.17 0.61
-0.82 -0.17 0.63
-0.83 -0.13 0.68
-0.78 -0.08 0.70
-0.74 -0.07 0.68
-0.70 -0.06 0.65
-0.66 -0.06 0.74
-0.64 -0.02 0.85